# cut_control 6 64
-0.286909 0.303101 0.887847 -2.873149 0.172570 -0.214260 -0.046570 0.687751 0.202849 -0.401477 -1.946400 0.794739 -0.364153 -0.709713 -0.235044 0.509427 -0.078689 1.529755 -0.110460 1.088055 -0.321274 0.074467 -0.345450 1.096713 -0.855895 1.193335 -0.025288 -1.482640 0.307209 -0.354889 2.360432 0.039125 0.360961 -1.867015 -0.607274 0.199397 0.123382 -0.881925 0.813389 -1.182303 -1.318565 -0.701033 -0.446365 -1.780792 -0.027540 -0.285575 1.292055 1.449757 1.507177 -0.038010 0.632302 0.765151 -0.379042 0.534261 1.934678 1.390501 2.435119 -0.453184 -0.744613 -0.099892 -0.983224 0.710285 -0.570052 1.442217
-0.203225 -1.089147 0.123853 0.072335 -0.827812 0.077671 -0.126738 -0.143660 -0.647362 1.916005 1.643675 -2.371416 -0.202079 -1.886826 1.706126 1.512364 -2.152895 -1.407185 0.510870 3.089292 -0.968595 -1.048795 -1.608465 1.072940 -0.213036 -1.673840 -1.251771 -1.060480 0.631880 1.547959 -0.614055 -0.715014 0.783321 2.676490 -1.725952 0.631689 0.600424 -0.337523 -1.121119 -1.899364 -0.174550 -0.533487 -0.342169 1.645292 0.519788 -0.325128 0.596154 -0.248976 0.894151 0.410868 -0.548805 0.127924 -0.830436 -0.441391 0.801505 -0.121486 0.145330 -2.012397 -0.620133 2.673461 0.384240 -0.714693 -1.089542 -1.828858
0.627450 -1.267509 -0.479979 0.697563 1.505924 0.349187 -0.225128 1.968797 0.046878 0.166864 -1.031355 -0.291016 1.147448 0.743485 1.356010 0.953767 0.205591 0.364431 -0.184463 1.067205 0.412356 -1.460645 1.459919 -0.085822 0.996454 0.055324 0.982633 -0.478156 -0.566990 0.504584 -0.031820 0.692967 -1.259665 -0.558208 0.481945 1.157122 -0.796717 -0.259486 -0.127711 -0.072693 -0.716250 -0.145196 0.727530 0.949779 -0.165397 0.037354 -1.240693 -0.251751 0.352365 0.076105 0.746928 0.480033 -0.857765 0.374530 -0.312431 0.063969 -0.510394 0.812998 0.113673 -0.030530 0.738986 -2.242373 -0.545425 -1.100741
0.142260 -0.272602 -0.334750 0.736562 -1.529632 -0.137477 1.199337 -0.092227 1.367019 2.541508 -1.810747 -1.820490 0.099786 -1.309988 -0.554009 0.102709 -0.312372 -0.295572 -0.049651 1.447154 -0.559941 -0.306181 -0.173386 1.179369 -0.211079 0.783112 -0.620773 1.166045 -0.375042 -1.082574 -1.084083 -1.344983 0.932176 0.217463 -1.334253 -0.832245 0.475786 -0.270695 0.542447 0.088568 -0.854026 1.296723 0.157417 0.699170 0.252712 -2.586033 0.762362 1.058052 0.145593 0.432058 -0.144467 0.530086 0.098932 1.094720 0.293585 0.275801 0.331305 1.385553 -1.742536 -0.696638 0.785315 -0.478620 0.402332 0.614057
-0.859113 0.874470 -0.385357 -0.194945 0.604134 -0.206222 0.957876 1.122755 2.141553 0.566348 -0.009334 0.053123 0.212557 -0.254294 -1.749197 -0.851561 -0.504296 0.397994 0.101728 1.151211 1.236343 0.403630 0.588572 0.638301 -2.957288 -0.394099 -0.901353 1.387051 -0.766638 -0.354273 0.998570 -0.990737 1.238934 -0.428977 0.947024 0.071339 -1.180268 0.684578 -0.821990 0.388236 -0.318363 0.138218 0.337314 0.915777 1.064347 0.325745 0.561454 -1.431937 -0.035327 0.591292 0.570197 -0.013508 0.457698 -0.429959 0.037027 -1.448721 1.452240 -1.090619 1.953925 -0.510247 -0.453935 -0.033565 -0.683897 -0.953781
-0.002085 -1.478511 -0.418748 -0.291683 -0.670197 -0.631720 0.240975 -1.214062 -0.828701 0.571138 1.681042 -0.292216 -0.641366 1.294185 0.481994 1.021512 1.444275 0.529524 1.402113 -1.061963 -0.501238 0.198188 0.989988 0.994384 -0.261329 -1.855819 -0.067907 -1.001204 -0.405158 -0.519220 -1.460978 1.539233 -0.270167 -0.278844 1.157511 0.999682 0.142540 0.841532 -0.228959 0.865936 0.720248 0.778390 0.007687 -1.617185 0.913316 -0.091512 1.633346 1.852939 0.238867 -0.011630 -0.403930 -2.014003 1.807568 0.124300 -0.983912 -1.018868 0.816856 -0.259337 1.025482 -1.406269 1.652487 0.217317 -0.035279 0.205502
# fused 6 64
1.656807 1.165683 -2.326494 0.039088 0.327323 1.712760 0.830920 -1.127004 -0.587690 -1.072285 -0.747205 0.551792 0.062269 -0.335543 -0.281424 0.402090 -0.706452 0.493933 0.011303 -1.177784 -0.515910 -0.579455 0.049926 0.192163 0.253504 0.322931 -1.675980 1.651212 1.133775 0.382136 -1.414265 -0.674679 1.447234 1.390929 -0.045707 0.965045 0.462509 0.902721 1.741180 -0.728315 0.162361 -0.969879 -1.781448 -0.984753 0.039004 1.191119 0.316510 1.343945 -0.829626 -0.385871 0.839403 -0.280866 0.710675 -0.428409 -0.858531 -0.114935 -0.652157 -0.380065 0.725636 -0.538847 -0.656037 0.177808 -0.685848 -0.381175
1.619321 1.032692 -2.314478 0.057684 0.322860 1.616971 0.693255 -1.201571 -0.544849 -0.990615 -0.676459 0.522609 0.154531 -0.385130 -0.317032 0.446174 -0.622448 0.333877 0.109143 -1.229580 -0.422734 -0.530274 0.079142 0.104657 0.197253 0.279972 -1.662252 1.578116 1.012290 0.288331 -1.354784 -0.605355 1.396615 1.439176 -0.018882 0.825785 0.489637 0.926591 1.808731 -0.719051 0.085347 -1.004276 -1.727790 -0.972528 0.028708 1.132913 0.310808 1.272644 -0.789383 -0.343745 0.833209 -0.329119 0.672564 -0.360958 -0.866168 -0.222265 -0.650728 -0.323531 0.759770 -0.522523 -0.687547 0.156625 -0.629413 -0.278842
1.753612 1.178906 -2.212252 0.091010 0.354690 1.714850 0.691465 -1.122753 -0.557172 -1.114557 -0.654371 0.536966 0.195888 -0.473136 -0.241724 0.418391 -0.676181 0.433882 0.038497 -1.216113 -0.465500 -0.593232 0.129398 0.060366 0.302215 0.370133 -1.601987 1.648953 1.139343 0.381638 -1.294141 -0.591958 1.333385 1.475172 -0.012626 0.874804 0.538196 0.936201 1.603581 -0.741348 0.065101 -1.059275 -1.649298 -0.970475 0.084349 1.070707 0.318354 1.414578 -0.803906 -0.472592 0.852075 -0.273320 0.709717 -0.414264 -0.817542 -0.220369 -0.786182 -0.388239 0.752809 -0.581237 -0.636443 0.174385 -0.607519 -0.311952
1.650011 0.973700 -2.218458 0.103963 0.364682 1.644236 0.758457 -1.241596 -0.523704 -0.983233 -0.623576 0.559575 0.161676 -0.421534 -0.253809 0.426285 -0.708304 0.416961 0.055668 -1.188002 -0.394580 -0.565774 -0.014106 0.142051 0.329432 0.372424 -1.596743 1.665497 1.163994 0.394949 -1.329075 -0.625866 1.426327 1.346865 -0.078843 0.879281 0.548870 0.925550 1.682129 -0.769713 0.114857 -1.011021 -1.732872 -0.919701 0.053227 1.131781 0.367216 1.281242 -0.863045 -0.420462 0.772888 -0.360731 0.537202 -0.394304 -0.825197 -0.112961 -0.722087 -0.352499 0.816357 -0.576826 -0.705418 0.184450 -0.559817 -0.268031
1.644040 1.170684 -2.267400 0.001254 0.309976 1.793230 0.786100 -1.124464 -0.462835 -1.048296 -0.770694 0.524040 0.143089 -0.343083 -0.294097 0.409142 -0.615277 0.486469 0.079261 -1.137833 -0.344179 -0.584453 0.026221 0.170383 0.219190 0.342752 -1.570555 1.583261 1.104016 0.367509 -1.374534 -0.588501 1.374947 1.422113 -0.003356 0.831525 0.580308 0.983315 1.685705 -0.708534 0.094977 -1.000655 -1.655135 -1.005962 0.083172 1.089861 0.382816 1.165644 -0.860870 -0.338487 0.783515 -0.345860 0.595821 -0.324724 -0.806378 -0.166110 -0.603491 -0.362339 0.929608 -0.533283 -0.681234 0.256839 -0.646300 -0.203520
1.660311 1.118753 -2.259420 0.105423 0.326286 1.874218 0.804743 -1.232649 -0.485920 -0.896615 -0.626375 0.589220 0.102121 -0.331448 -0.076622 0.501226 -0.649907 0.441593 -0.035129 -1.228370 -0.446847 -0.611158 0.091061 0.148322 0.262021 0.283653 -1.658029 1.655605 1.111090 0.342402 -1.368267 -0.624021 1.320863 1.433982 -0.094179 0.818649 0.582186 0.904252 1.581085 -0.798433 0.170080 -0.995706 -1.701584 -0.934022 -0.004772 1.169123 0.288677 1.176377 -0.805662 -0.357876 0.792037 -0.364431 0.640021 -0.406586 -0.938299 -0.184395 -0.716653 -0.265359 0.766497 -0.661189 -0.635876 0.129903 -0.700427 -0.269778
# sweep_k0.0 6 64
1.855756 1.603609 0.615687 -0.924506 1.084479 -0.727326 0.438027 0.201833 0.434596 1.194402 2.139806 1.205223 1.307290 -0.611131 -1.253302 -1.826053 -0.594241 -0.680898 -0.725133 0.132381 -2.041971 0.691476 0.939280 0.311388 -0.559365 0.468596 1.436017 -0.377159 -1.321652 2.010638 -0.092303 -2.052894 0.757920 0.604128 0.309233 -0.212314 -1.088412 -0.734428 -1.319840 -0.762961 -0.410676 0.339337 -0.481249 -0.323720 -0.079796 -0.307137 -0.871996 -1.335531 -1.130813 -2.115891 -0.003732 -0.154548 2.390933 0.625735 -2.236309 1.446969 0.835549 -0.312389 1.245679 3.588467 -0.677294 0.422289 2.096083 1.795232
-1.798231 -0.957331 0.367351 1.790746 -0.468087 -0.714664 -1.121980 -2.302877 -0.824394 0.981521 -1.556957 -1.660815 0.336416 0.120479 0.269299 0.318659 -0.495583 -0.281631 -0.370769 1.258090 -0.174072 1.058885 -0.376839 0.841299 0.133011 -0.302010 0.560384 -0.017288 -1.673236 0.419996 2.016711 1.754116 0.841612 0.642926 -1.479778 0.186272 0.954709 -0.036471 -1.363013 0.540683 1.229229 1.123033 -0.355639 -0.297646 -0.453685 -1.305521 0.598587 -0.803779 -1.676667 -2.405163 2.000937 0.675377 -1.960880 -0.663887 0.557766 1.264082 1.116634 -0.412555 -1.389376 -0.260532 0.977502 -1.514587 -0.176039 -0.167337
-1.548223 0.415915 -0.719648 -0.012286 0.377596 1.301676 -2.204696 0.339630 -1.694999 -1.382471 0.991446 -0.208244 0.564358 0.309553 -0.151222 -0.556495 -0.826709 -0.790440 0.601086 0.351966 0.752566 0.593395 -0.249868 -0.273997 1.304754 -0.629832 -2.983549 -1.528756 0.614329 -0.125201 -0.927786 0.590390 1.395759 0.197620 0.781292 0.669611 0.083840 -3.074648 -0.487722 -0.165311 -1.049124 -0.109935 -0.746454 0.210538 1.189340 -0.943229 -0.830368 0.829394 1.604658 1.362964 0.143956 0.033131 -0.074046 -1.584384 -1.051915 -0.082099 -0.698357 -0.387116 -0.688918 -1.456337 1.490912 0.456094 2.733342 0.537264
0.604943 0.440051 1.234962 -0.554783 -1.123966 0.480457 0.210245 0.091734 -0.252777 -0.331850 -0.004087 -0.322815 1.089411 1.069439 0.382431 -1.115400 0.474324 0.322587 -0.693275 -1.325486 -0.083909 -0.227298 0.591085 0.621332 -0.249153 -0.469167 0.852181 -0.193938 -0.666069 -1.424495 -0.765521 -0.547118 -0.248516 -0.309435 0.195329 -1.627293 1.141294 1.300985 -0.016529 -0.129747 -0.317089 -0.736935 1.094810 1.118863 1.527155 -0.571766 -0.107264 -1.377842 0.525000 0.961186 0.370259 0.107128 1.222270 -1.671381 -0.819676 2.169570 -0.427782 -1.352916 1.803765 0.003292 -0.274350 -0.929903 0.380383 -0.674456
1.764202 -0.019913 0.731593 1.016274 0.492280 0.349439 1.039236 0.810543 1.770869 0.743683 -1.841573 -0.226194 0.528334 -0.550795 0.708958 0.644477 0.774120 1.475287 0.257093 0.949810 0.472672 1.185963 0.206048 -0.593049 1.119987 -1.210218 -1.283565 -0.249125 0.400249 -0.750427 0.578324 0.575606 -1.161015 -0.442097 -0.442670 0.942295 -0.364242 0.890803 1.896631 1.307250 -1.235759 -0.751992 -0.574224 0.218029 -0.080832 0.182402 -0.991617 -1.597536 -0.008263 -0.024933 0.854236 -0.556660 0.799257 2.021001 -0.296561 0.288507 -0.772936 -1.814274 -0.274852 -1.728066 -1.501207 -0.267887 0.509832 0.803152
-0.571866 0.294890 0.092061 -0.159732 -0.871394 -0.693701 -1.047674 -0.477369 -1.970487 0.807474 -0.672918 -0.734017 -0.127056 -0.155616 -0.418313 -0.121780 0.695934 0.840254 -0.753547 0.157111 1.398503 -1.859437 -0.338529 0.354385 1.347970 0.743656 -1.328387 1.041645 -1.212752 -0.678285 -0.745473 0.089433 0.619007 -1.412197 0.988584 -0.172598 -1.077116 -0.985023 1.155469 -0.178908 0.180819 0.746326 -0.509209 -0.876306 -1.226213 0.499454 -0.973476 -1.389915 0.721425 2.038849 0.995286 0.084161 -0.726790 -0.216115 0.009847 0.705717 1.171947 -0.594337 -0.192318 0.860238 1.456501 -2.033191 -0.652180 0.623426
# sweep_k0.2 6 64
0.111231 0.030314 -0.111836 0.370193 1.276092 0.201293 0.511945 0.186745 -0.361294 0.411064 0.558604 0.420514 -0.761864 -1.474934 0.879260 -0.381324 -1.246740 1.447560 -0.325989 1.158143 1.110181 -0.033912 -0.859441 -0.658103 0.799719 0.549782 0.767263 -0.171302 0.269938 -0.755722 0.537484 0.404537 -0.131121 0.852964 1.859703 -0.507545 -0.059165 0.797303 0.952655 0.180544 -0.722660 -0.331147 0.671623 -0.291768 0.467180 0.465274 -0.284736 0.574615 -0.737515 -1.672925 -1.011777 0.087837 0.448281 0.515280 0.071426 -0.730944 -1.704329 0.229469 0.463472 0.721588 0.267362 0.794992 0.591633 0.186551
-1.752371 -0.180745 -1.435079 0.626508 0.876237 -0.084507 0.525249 0.151111 -0.113765 -0.102403 0.520345 1.053094 -0.569882 0.551602 0.452690 0.226362 0.945557 -0.184427 0.881714 -0.485059 -1.646268 -0.115778 -0.566258 1.097129 -0.272076 1.626617 -0.780502 -0.751767 0.886219 -0.237182 0.701506 0.064488 -0.237924 -1.046450 -1.313361 0.350203 -1.804514 0.302076 -0.041902 -0.122869 -0.347225 -0.357722 0.417991 -0.318104 0.687397 -0.434544 0.475694 -1.281201 0.322080 -1.213664 1.273777 0.566816 -0.975132 0.175786 0.758117 -1.194735 -0.597255 -0.434351 -0.182973 -0.829594 -0.328782 -0.123019 -0.033765 -0.186788
-0.625931 0.718572 -0.003089 -0.760527 -0.365677 0.254777 0.714006 -0.240617 0.599954 -0.630587 0.239319 0.209340 -1.928107 1.167636 -0.550662 0.350085 0.763693 1.728918 0.427584 0.705847 0.895743 0.262703 -0.417395 -0.614354 -0.007735 1.358435 2.309820 0.008167 0.354808 -1.620558 0.587103 0.425675 -0.926209 -0.397013 0.059812 -0.025980 0.277389 0.076340 -0.326062 0.224625 0.929520 -0.443422 -0.005914 -0.155555 1.107945 -0.570638 -0.039596 -1.137594 -0.400912 0.590740 -1.347073 0.589291 -0.216439 -0.189261 -0.290171 0.465234 -0.125511 0.005860 -0.342088 -0.255260 0.008050 0.767830 0.674443 -0.049323
-1.558227 -0.727845 0.160293 0.454907 1.257540 0.949108 -1.453196 1.353806 -0.801845 0.325170 -0.284444 1.192782 0.470018 -1.488317 0.295826 -0.342086 -0.348568 0.206608 1.179570 -0.711333 0.388572 -0.456273 -0.335281 -0.362838 1.051355 -0.238365 0.027643 -0.199106 0.799162 0.776546 1.545243 0.413048 1.512008 1.131131 0.345026 0.111855 0.623533 0.609201 0.884012 0.553506 1.347212 0.890721 0.060723 -0.793999 0.525718 -0.426348 0.543522 0.977462 -0.854386 -0.900210 -1.737838 0.231300 0.473228 0.573298 0.707809 1.143850 -1.181615 -0.402706 0.367886 0.929284 -0.552937 -0.054877 0.937782 -0.832890
0.578746 1.010500 0.712721 0.320365 0.080794 1.464871 0.782513 0.264661 1.057474 -0.215813 -1.079385 1.066549 -0.217338 0.635801 0.818965 0.615723 -0.946475 0.528599 0.971708 -0.205725 -0.082116 0.895197 -0.547330 -0.147115 -0.150487 1.435012 -0.436528 -1.203870 1.417358 1.309010 1.361203 -0.825590 0.530979 0.809395 0.150378 -1.558358 -0.436775 0.557562 0.088736 -0.992980 0.505040 -1.256112 -0.206876 0.230293 -0.362137 -0.375878 -0.352789 0.551436 -1.773125 -0.514444 0.250527 -0.503094 0.392843 0.527795 0.283989 0.325074 0.167617 -0.285566 0.693312 0.177632 -1.115961 -0.937823 0.983843 0.059064
-0.219056 -1.130201 -0.272813 0.530817 -1.379654 0.040408 1.002569 -0.135713 0.674345 -0.821774 -0.141780 1.286805 -0.984979 0.125133 -0.308561 -0.756070 0.059352 0.123033 -0.218132 0.435729 0.073544 -2.975305 -1.895505 -0.287362 -0.697671 -0.138944 -0.443753 0.104482 -0.862440 0.581364 -0.763000 -1.021032 0.193562 0.903017 -1.788414 -0.000593 0.614754 1.085361 -0.027268 0.556765 -0.061718 -0.885177 0.040051 -1.229531 -0.125974 0.290450 0.952199 0.893235 0.286850 -1.670943 0.169154 0.245520 2.669204 0.416438 0.838603 0.667897 -0.992447 -1.667777 0.726958 0.349815 0.770421 1.091709 0.335916 2.577674
# sweep_k0.4 6 64
0.057828 -0.435092 -0.206512 -0.847956 -0.866628 0.651235 0.034122 -0.848304 -0.140617 -0.944954 -1.915217 -1.150303 -0.284081 0.254286 0.450997 -0.390323 1.172753 -0.758207 0.488359 0.770412 1.548576 -0.377145 0.133345 -1.177729 0.810731 -0.549166 -0.540782 -0.389502 -0.472452 0.497428 -0.103187 0.228059 -0.045124 -0.073372 -0.955390 0.763074 1.040637 0.249215 -0.372144 1.075691 1.380606 -0.158575 -0.911731 -0.593761 0.313796 -1.799898 0.281354 0.686522 -0.286829 0.314586 0.007160 0.497147 0.513160 0.572556 0.039240 -0.614508 -1.884108 0.321741 -0.172908 0.502957 0.231400 -0.851847 0.854292 -0.326465
0.013672 -0.712919 -0.158929 0.003483 0.190120 0.042163 0.559252 0.429273 -0.340310 -1.089621 -1.983039 -0.619648 0.167168 -0.323120 1.637301 -0.256523 1.525562 0.452712 -0.505713 -0.256125 0.341633 -0.290334 -0.292747 -1.109115 -0.366091 1.091241 -0.313797 -0.116774 0.975159 -0.320452 -0.464365 0.296489 -1.287337 -0.595628 -1.447336 0.042686 1.015713 0.297125 1.267222 -0.031267 -0.787808 0.618400 0.408950 -0.597905 -0.301781 -0.552552 0.694501 -0.903137 -0.938987 1.216076 -1.108933 0.731909 0.493273 -0.013418 0.347245 0.634576 0.536136 -0.124998 0.167446 -0.596933 -0.607398 0.447525 0.461818 0.156510
-0.087762 -0.968969 -0.863407 -1.624143 -0.635873 0.312840 -0.854594 0.181050 -0.986413 -2.139815 0.546293 -1.043057 -0.149207 0.999319 1.145414 0.754468 0.594597 -0.866130 -0.094769 0.333076 0.255456 0.210189 -1.312304 0.321842 -0.425819 0.194919 -0.427876 -0.517826 0.801227 -0.568048 -0.105773 0.233250 0.023394 -0.013560 -1.247465 -0.388365 0.589322 0.691688 0.739266 -0.249344 0.819953 -0.779237 0.821676 1.026012 0.698408 -2.075088 0.088226 -0.354809 0.584471 -0.188889 -1.408903 -0.242878 -0.970193 -0.625448 -0.788392 -0.164148 -0.584961 0.249820 -1.338819 0.195220 -0.396868 0.179696 -0.210853 -0.654042
-0.288426 -0.483764 -1.933552 -0.717994 -0.248388 -0.229875 -0.184082 0.586753 -0.349383 -0.781571 -1.098402 -0.920275 0.776718 -0.384528 -0.138896 1.377867 1.025993 0.143418 -0.244831 -0.858863 0.030916 0.562495 -0.177411 -2.248515 -0.182621 0.269441 -0.875229 -1.241727 0.902917 -0.097743 -0.285254 -0.549222 -0.523659 0.556976 -0.135359 1.384768 -0.128802 0.671239 1.419882 0.630758 1.201357 0.772849 1.420810 -0.012377 -0.971403 -1.984131 -0.158942 -0.855177 -0.779832 -0.981646 -1.075897 1.015925 -0.714680 0.680777 0.284729 -0.458496 -0.716572 0.207456 0.816433 0.889534 -0.077280 0.522391 -0.440595 0.725249
-1.465104 0.844368 -0.411159 -0.430275 -1.068411 -0.929888 -0.459680 0.516546 0.188131 0.086821 -0.003791 -0.839524 0.615510 0.588012 -0.265598 0.987678 0.476104 0.285500 0.192158 -0.605398 -0.059512 0.203640 -0.410463 -0.476115 -1.114199 0.269788 -1.297648 -0.565719 0.369164 -0.443878 -0.123744 -0.176263 -0.353314 -1.840039 -0.514047 -0.335219 1.137446 0.291320 -1.021178 0.504656 0.962112 0.842305 -0.585775 0.423695 0.700973 -0.361710 1.424839 -0.636947 -0.226743 -0.292153 -1.120437 1.302710 -0.078917 0.077611 -0.095338 -0.026179 -0.289276 -0.074302 -1.052390 -1.092657 -1.172292 -0.021500 0.584780 -0.760130
0.989886 1.569493 -0.265779 -0.763376 -0.578576 -0.008808 -0.028145 0.165347 -1.230016 -0.751210 0.024805 -0.577755 0.671141 1.028329 -0.283912 0.006471 0.644099 -1.071375 1.579422 0.625413 -1.213589 0.808396 -0.170405 -0.552729 -0.150215 -0.073496 0.442519 -0.178829 -0.196569 -1.513653 1.089566 0.355376 0.188417 0.006202 -0.076181 0.254534 1.093716 0.095141 -0.138454 1.691154 1.825494 0.580519 0.498946 -0.621726 -0.465805 -1.254647 1.142552 -0.328121 0.168902 0.259678 0.050180 0.560949 -0.102430 -0.411344 0.475242 -0.945873 -0.858828 0.992174 -0.664663 -0.049827 -0.007174 0.499903 -0.633725 0.303996
# sweep_k0.6 6 64
0.198347 -0.336622 -0.410321 0.497498 0.663280 -0.639485 0.060272 -0.941467 -0.275856 -0.636490 -0.325892 -0.819428 -0.611783 -0.950170 -0.128456 -0.157744 0.442107 0.953261 0.165110 -1.716126 0.653878 -0.950586 1.029230 -0.588807 -0.749829 0.812218 -0.259859 -0.484622 -0.221158 1.039817 -0.519866 -0.351428 1.360711 -0.754134 -0.684171 -0.601283 -0.226398 -0.390008 0.160002 -0.092559 -0.946598 -1.046459 0.927443 -0.783715 -0.436370 -1.537516 -1.400232 -1.335601 0.422502 -0.350372 -0.377395 0.333290 0.062594 0.193772 -0.245441 -0.255500 -0.306040 0.288289 -0.277626 -0.401462 -0.164366 0.544621 -0.219552 -0.208107
0.421732 -0.068250 -0.675473 0.514027 -0.335177 -1.095119 0.159521 -0.289659 -0.151925 -0.765646 0.089055 -1.616021 -0.757618 0.027045 -1.110386 -0.439433 0.575180 0.418612 -0.131445 -1.592446 0.341354 -1.358880 0.345598 -0.329764 -0.704995 0.379388 0.228250 -0.382419 -0.557267 0.685591 -0.690220 -0.674413 0.116105 -1.390552 -1.220767 -0.903562 0.111704 0.403501 -0.470248 0.366992 -0.350464 -0.892240 1.377750 -0.579780 -0.100907 -0.675281 -0.000307 -0.782131 0.108861 -0.126126 -0.220884 -0.678041 0.947242 0.438064 -0.593426 -0.058618 -0.005223 -1.479678 -0.151922 -0.413113 0.215789 0.800226 0.176862 0.536644
0.869494 0.299031 -0.578371 0.404539 -0.218558 -0.490280 -0.039802 -0.635286 -0.565102 -1.007503 0.673509 -1.006975 0.037940 -0.125661 -0.556102 -1.011863 0.362542 0.327829 -0.338146 -1.826071 0.289364 -1.345465 1.750850 -0.555496 -0.718627 0.103193 -0.579803 -0.337931 -0.658635 1.264184 -0.531124 -0.091737 1.049014 -0.828768 -1.096654 0.179080 -0.382519 -0.035487 0.008954 0.696471 0.236188 -0.656949 0.950278 -1.780601 -1.025621 -1.293481 -0.445828 -0.742216 -0.441622 -1.123292 -0.819935 0.398761 0.351860 0.955793 -0.119899 -0.448481 0.094538 -0.349276 0.198505 -0.588650 0.067078 0.317729 0.119902 0.345980
0.687881 0.056436 -0.266045 0.898730 0.477606 -0.488326 -0.587168 0.266516 -0.514765 -0.866519 -0.223713 -1.333348 -0.994964 -1.165960 -0.349724 -0.653338 0.342315 0.645732 -0.081640 -1.305509 -0.143562 -1.171645 0.985652 -0.367021 -0.920050 0.100465 -0.050164 -0.038531 -0.824283 0.866988 -0.622775 0.622211 0.617169 -0.627376 -0.180832 -0.247431 -0.899421 -0.654957 -0.220797 -0.483701 -0.255792 -0.428217 0.826893 -0.714258 -0.410456 -1.342751 -0.260618 -1.322968 0.434353 -0.659325 -0.683262 0.473205 1.023289 0.107871 -0.199422 -1.000233 0.083130 -1.105287 -0.980183 -0.636319 0.021036 0.448005 -0.189132 0.556425
1.065194 0.207315 -0.004140 0.140473 0.767315 -0.609891 0.145770 -0.134855 -0.442043 -0.834034 0.235708 -1.161968 0.461101 -0.255212 -0.858149 -0.027259 0.751332 -0.110684 0.089997 -1.247763 -0.315804 -1.187921 0.946474 -0.835163 -0.409287 -0.011213 -0.055148 -0.350575 -0.502347 1.354538 -0.763644 0.320014 1.186288 -0.977895 -0.788973 -0.800860 -0.604895 -0.240753 0.287905 0.618498 -0.386096 -0.771740 0.689504 -0.920008 -0.458817 -0.888270 0.307790 -0.920911 0.039283 -1.052546 -0.914061 -0.364025 0.168683 0.242053 0.617729 -0.563806 -0.065192 -1.442099 -0.022411 -0.707935 -0.720324 0.548401 0.187086 0.112684
0.416125 -0.501250 -0.011305 -0.025201 0.822601 -0.782910 -0.344791 -0.338289 -0.550848 -1.869393 0.422305 -0.573369 -0.139894 -0.835956 -0.773883 0.064548 0.672657 0.765574 0.012962 -1.319257 0.005376 -1.828502 1.340117 -0.418597 -0.765523 1.244869 0.529710 -0.537317 -0.424375 1.941601 -1.128522 0.248820 1.354742 -1.315286 -0.831110 -0.379965 -0.162853 -1.158765 -0.763443 0.109348 -0.960414 -0.711484 1.031148 -1.124414 -0.852417 -2.197641 -0.093024 -0.977684 0.937442 -0.682984 -1.214052 -0.153346 -0.540065 0.294403 -0.722810 -0.472832 -0.006147 -0.274198 -0.342312 -0.545225 -0.655293 0.676727 -0.461388 0.309144
# sweep_k0.8 6 64
-0.108395 -1.207257 0.551761 1.547732 0.141148 2.348157 0.589985 0.507167 -1.039847 0.989024 -0.750321 -1.509181 -0.485976 -0.069169 -0.793441 -1.062156 0.664942 -0.995799 -0.442096 0.878053 0.298873 -0.136673 -0.368673 0.664824 -1.484561 0.318313 0.483181 -0.856264 -1.436007 0.270933 -0.914687 0.153919 -0.065853 0.050577 -0.158819 1.125261 1.357889 1.404049 -0.058783 0.089115 -0.655964 0.719534 0.311481 -1.299840 -0.366771 0.181288 0.821111 1.521474 -0.154446 0.188297 0.363927 0.032618 -0.193247 0.610884 -2.068219 1.165521 -0.048643 1.079637 -1.189869 0.593310 -0.082079 -0.102596 0.111890 0.490146
-0.079515 -0.826358 0.709544 1.212885 0.315365 1.921975 0.224232 0.667594 -0.983501 1.109469 -0.329844 -1.414142 -0.263170 0.116877 -0.559339 -0.858903 0.333168 -1.283071 -0.384684 0.943519 0.128642 -0.453772 -0.274474 0.411016 -1.604262 0.749053 0.028717 -0.572577 -1.121831 0.412904 -0.780441 0.410064 -0.060709 0.335286 -0.208038 1.789398 1.693882 1.397770 0.113340 0.017023 -0.359791 0.553720 0.255863 -1.015530 0.056145 0.656238 0.955449 1.554265 0.159840 0.103407 0.375420 -0.187584 -0.070104 0.549336 -1.706323 1.356474 -0.404405 1.125815 -1.053464 0.660867 -0.081657 0.072306 -0.238947 0.082515
-0.313900 -1.369653 0.295780 1.421520 0.521334 2.075425 -0.024388 0.740472 -0.935473 0.704893 -0.561225 -1.424678 -0.766749 0.224706 -0.568571 -0.750642 0.466668 -1.153337 -0.212698 0.997604 0.048541 -0.273336 -0.767669 0.339021 -1.739046 -0.263099 0.358179 -0.945220 -1.500117 0.398407 -0.905559 0.184722 -0.065875 0.661859 0.038176 1.694387 1.225736 1.414893 -0.111181 -0.039903 -0.207350 0.888999 0.584256 -1.002858 -0.021946 0.332922 0.515397 1.304583 -0.081097 -0.184977 0.382797 -0.077677 -0.535344 0.660637 -1.686241 1.220711 -0.590306 0.682301 -1.021665 0.932158 -0.460738 -0.081012 -0.239959 0.255442
-0.437991 -1.362809 0.274068 1.197489 0.458356 2.111716 0.220123 0.817202 -1.151979 0.954661 -0.499529 -1.218638 -0.322709 -0.104252 -0.152058 -1.414461 0.551106 -0.891064 -0.245084 0.940539 0.346574 -0.683756 -0.379830 0.328197 -1.468385 0.269081 0.060213 -0.955190 -1.168243 0.833943 -0.748027 0.265983 0.291434 0.455232 -0.478868 1.138126 1.706801 1.617853 -0.200282 0.079560 -0.512118 0.341440 0.706130 -1.509710 0.030491 0.143161 1.004349 1.211923 -0.126503 -0.133634 0.448360 -0.052408 0.000175 0.598911 -1.729435 1.431209 -0.197562 0.788075 -0.951086 0.318902 -0.159412 0.114277 0.200098 -0.040834
-0.012932 -1.408862 0.291605 0.946815 0.081732 2.004560 0.181928 0.517036 -0.786373 1.051939 -0.207811 -1.735853 -0.638999 0.028649 -0.686168 -1.175870 0.241718 -0.705340 -0.428838 0.923331 0.340432 -0.266787 -0.488521 0.911202 -1.453729 0.436734 0.482504 -0.815812 -1.120543 0.623064 -0.763902 0.359464 0.053057 0.596716 -0.283169 1.680916 1.609478 1.232604 0.146535 0.138476 -0.257902 0.964179 0.208867 -1.256227 -0.296712 0.300812 0.534852 1.322065 -0.249477 0.190308 0.939330 -0.105896 0.169886 0.459150 -1.570687 1.167926 -0.248234 1.007198 -0.748769 0.706421 -0.175106 0.076411 0.191048 0.373485
-0.070732 -1.101745 0.680163 0.870989 0.614732 1.956207 0.028543 0.325444 -0.944413 1.169418 -0.155029 -1.343425 -0.398295 -0.175356 -0.755315 -0.712906 0.469364 -1.043323 -0.276903 1.064662 -0.190954 -0.268740 -0.779493 0.613757 -1.397713 0.613231 0.461097 -0.849256 -1.131228 0.490270 -0.788956 0.383189 0.008710 0.398230 -0.263521 1.800076 1.495911 1.803364 0.256236 -0.210448 -0.613788 0.701942 0.151954 -1.184254 0.063971 0.307329 0.687899 1.868064 -0.324608 0.342292 0.512733 0.139349 -0.216641 0.522152 -2.098885 1.550449 -0.537991 0.490827 -1.043047 0.490877 -0.016203 0.179209 0.108662 0.060004
# sweep_k1.0 6 64
-1.337718 -0.285328 -0.733929 0.570942 0.399586 0.230192 -0.875108 0.988911 -1.068044 -0.087822 0.855886 0.015050 -0.241733 0.519510 -0.238888 -0.725003 -2.457733 0.449407 1.913795 -1.197959 0.533713 0.019046 0.576021 -0.568318 -0.791439 2.211739 2.194032 1.714379 -0.228044 -0.048404 0.214562 0.732095 0.166785 0.992775 0.048950 -0.058430 0.105741 -0.152249 0.728972 -0.341849 0.646432 0.520261 -0.150718 0.328568 0.781293 0.790609 0.000662 1.224968 0.105882 0.270396 -1.209105 -0.430838 0.670687 1.242061 -0.458794 -1.335071 -0.457420 0.469908 0.060710 0.297904 -0.274738 0.789503 0.265024 1.459987
-1.337718 -0.285328 -0.733929 0.570942 0.399586 0.230192 -0.875108 0.988911 -1.068044 -0.087822 0.855886 0.015050 -0.241733 0.519510 -0.238888 -0.725003 -2.457733 0.449407 1.913795 -1.197959 0.533713 0.019046 0.576021 -0.568318 -0.791439 2.211739 2.194032 1.714379 -0.228044 -0.048404 0.214562 0.732095 0.166785 0.992775 0.048950 -0.058430 0.105741 -0.152249 0.728972 -0.341849 0.646432 0.520261 -0.150718 0.328568 0.781293 0.790609 0.000662 1.224968 0.105882 0.270396 -1.209105 -0.430838 0.670687 1.242061 -0.458794 -1.335071 -0.457420 0.469908 0.060710 0.297904 -0.274738 0.789503 0.265024 1.459987
-1.337718 -0.285328 -0.733929 0.570942 0.399586 0.230192 -0.875108 0.988911 -1.068044 -0.087822 0.855886 0.015050 -0.241733 0.519510 -0.238888 -0.725003 -2.457733 0.449407 1.913795 -1.197959 0.533713 0.019046 0.576021 -0.568318 -0.791439 2.211739 2.194032 1.714379 -0.228044 -0.048404 0.214562 0.732095 0.166785 0.992775 0.048950 -0.058430 0.105741 -0.152249 0.728972 -0.341849 0.646432 0.520261 -0.150718 0.328568 0.781293 0.790609 0.000662 1.224968 0.105882 0.270396 -1.209105 -0.430838 0.670687 1.242061 -0.458794 -1.335071 -0.457420 0.469908 0.060710 0.297904 -0.274738 0.789503 0.265024 1.459987
-1.337718 -0.285328 -0.733929 0.570942 0.399586 0.230192 -0.875108 0.988911 -1.068044 -0.087822 0.855886 0.015050 -0.241733 0.519510 -0.238888 -0.725003 -2.457733 0.449407 1.913795 -1.197959 0.533713 0.019046 0.576021 -0.568318 -0.791439 2.211739 2.194032 1.714379 -0.228044 -0.048404 0.214562 0.732095 0.166785 0.992775 0.048950 -0.058430 0.105741 -0.152249 0.728972 -0.341849 0.646432 0.520261 -0.150718 0.328568 0.781293 0.790609 0.000662 1.224968 0.105882 0.270396 -1.209105 -0.430838 0.670687 1.242061 -0.458794 -1.335071 -0.457420 0.469908 0.060710 0.297904 -0.274738 0.789503 0.265024 1.459987
-1.337718 -0.285328 -0.733929 0.570942 0.399586 0.230192 -0.875108 0.988911 -1.068044 -0.087822 0.855886 0.015050 -0.241733 0.519510 -0.238888 -0.725003 -2.457733 0.449407 1.913795 -1.197959 0.533713 0.019046 0.576021 -0.568318 -0.791439 2.211739 2.194032 1.714379 -0.228044 -0.048404 0.214562 0.732095 0.166785 0.992775 0.048950 -0.058430 0.105741 -0.152249 0.728972 -0.341849 0.646432 0.520261 -0.150718 0.328568 0.781293 0.790609 0.000662 1.224968 0.105882 0.270396 -1.209105 -0.430838 0.670687 1.242061 -0.458794 -1.335071 -0.457420 0.469908 0.060710 0.297904 -0.274738 0.789503 0.265024 1.459987
-1.337718 -0.285328 -0.733929 0.570942 0.399586 0.230192 -0.875108 0.988911 -1.068044 -0.087822 0.855886 0.015050 -0.241733 0.519510 -0.238888 -0.725003 -2.457733 0.449407 1.913795 -1.197959 0.533713 0.019046 0.576021 -0.568318 -0.791439 2.211739 2.194032 1.714379 -0.228044 -0.048404 0.214562 0.732095 0.166785 0.992775 0.048950 -0.058430 0.105741 -0.152249 0.728972 -0.341849 0.646432 0.520261 -0.150718 0.328568 0.781293 0.790609 0.000662 1.224968 0.105882 0.270396 -1.209105 -0.430838 0.670687 1.242061 -0.458794 -1.335071 -0.457420 0.469908 0.060710 0.297904 -0.274738 0.789503 0.265024 1.459987
