6
190
23
255
56
157
66
37
202
72
217
17
217
217
148
137
121
198
136
78
206
249
69
148
219
241
55
13
219
89
228
24
224
15
201
158
91
63
91
201
200
20
121
128
221
113
29
7
247
219
224
162
67
221
155
197
12
66
138
72
209
42
156
224
243
15
16
35
243
106
253
205
79
239
12
191
165
166
209
127
187
164
170
69
53
9
149
182
176
186
234
79
198
70
210
215
160
81
190
221
139
49
104
196
22
253
183
146
221
112
229
188
183
158
143
236
5
29
227
116
235
39
145
156
231
216
223
15
55
111
45
53
31
151
100
220
161
25
159
114
88
4
217
13
244
30
116
56
99
77
175
32
134
144
172
217
111
194
128
152
151
100
153
152
118
174
96
49
129
34
164
64
95
217
174
143
74
86
58
38
181
107
151
166
56
130
13
231
95
188
209
197
91
199
76
156
178
75
85
197
141
222
203
169
108
39
196
199
247
127
219
2
174
127
75
28
246
53
177
216
74
72
70
230
111
69
31
228
187
150
249
142
222
29
4
137
65
126
150
31
111
60
235
85
34
73
241
22
33
251
128
195
51
24
24
238
99
200
96
250
187
213
77
225
235
109
107
119
14
44
137
67
3
58
226
117
140
230
188
124
238
163
143
70
20
140
207
217
138
95
247
139
39
208
229
251
208
26
132
249
11
65
178
108
53
70
42
193
165
158
189
184
136
187
254
109
61
162
122
176
86
135
4
192
77
119
226
192
139
115
145
72
236
229
232
246
50
225
207
139
14
106
233
172
42
3
211
30
159
229
173
126
255
173
60
207
210
245
203
229
2
102
232
140
57
254
66
120
107
216
153
23
210
103
206
156
145
116
79
88
55
72
169
115
179
118
221
203
63
23
228
0
167
3
252
92
97
86
249
244
44
127
198
57
109
68
39
85
64
40
230
43
252
83
51
33
170
127
3
123
122
114
10
136
143
57
25
244
26
154
192
141
146
77
221
67
119
218
180
53
218
132
202
0
247
23
223
182
234
57
233
235
130
1
244
0
47
48
146
119
227
1
27
88
135
168
252
165
135
223
167
180
163
17
44
49
12
210
131
138
45
1
163
159
60
136
10
209
44
151
5
19
156
255
53
158
137
143
125
251
128
25
112
90
163
77
160
6
159
128
9
78
40
98
14
131
19
52
30
243
217
90
235
237
20
206
215
26
132
223
129
7
89
246
228
51
36
143
149
239
42
205
28
204
17
234
247
70
129
212
57
74
217
50
67
111
247
108
165
42
150
185
252
61
224
141
131
47
211
109
162
21
183
141
22
170
103
131
207
99
186
73
113
51
255
116
182
194
38
211
119
170
8
156
111
200
219
229
164
237
95
196
112
78
216
106
248
30
216
59
84
213
130
103
232
118
99
73
2
120
221
220
140
107
68
142
36
136
31
224
105
56
218
18
46
208
37
64
248
22
50
94
211
60
147
212
115
7
63
59
109
149
43
173
16
123
140
235
188
83
112
128
127
156
26
20
127
69
227
118
111
181
33
228
173
160
245
99
114
12
201
135
245
194
102
25
253
11
185
183
173
219
65
34
184
1
236
0
186
138
251
122
190
106
237
47
173
37
59
150
75
208
124
137
85
100
4
137
23
225
144
3
79
149
90
226
126
30
113
55
197
144
76
17
80
98
202
8
114
173
16
214
160
32
40
197
147
50
25
186
2
38
227
31
60
110
227
51
155
42
178
177
213
241
111
85
3
16
170
83
60
207
131
60
63
186
79
174
254
54
73
251
52
31
14
123
193
58
106
62
60
244
109
139
240
200
104
149
234
231
144
157
189
95
217
231
230
56
196
207
164
205
114
84
221
171
215
115
182
231
207
28
176
11
245
152
38
159
253
138
179
94
134
197
10
43
124
102
108
28
170
18
45
243
161
173
162
34
27
204
8
234
180
148
221
4
247
145
246
77
86
179
178
190
66
101
195
199
203
113
207
44
30
120
161
1
56
47
128
129
180
249
255
147
11
176
16
114
234
195
190
171
227
242
234
59
67
11
167
249
101
208
78
143
209
213
30
187
41
168
183
214
173
2
14
96
100
196
212
236
97
30
212
37
138
12
118
239
255
226
135
71
245
38
8
95
145
184
0
228
235
19
127
76
129
196
171
173
230
51
118
27
242
140
8
231
136
221
10
132
189
20
101
156
172
202
196
157
114
251
135
203
50
141
52
153
15
5
195
244
132
80
96
46
114
188
74
63
162
159
100
210
183
16
235
14
140
172
13
251
47
224
75
141
21
110
19
246
190
186
159
63
49
131
241
36
221
19
223
32
159
190
239
231
205
93
96
213
177
80
221
18
10
106
208
248
114
178
201
139
9
23
236
158
4
14
246
152
220
13
170
169
237
189
151
70
166
82
227
14
152
202
55
193
63
71
209
8
200
59
24
42
87
225
215
94
134
12
164
49
83
72
162
224
3
59
166
77
145
12
170
99
153
178
112
179
194
184
160
106
75
161
85
252
145
159
120
78
150
90
194
249
101
86
217
230
38
238
119
164
249
124
248
220
163
173
91
20
81
118
222
207
199
161
50
15
252
94
126
4
40
92
243
225
183
7
220
49
116
176
11
193
118
151
122
230
96
74
167
217
143
148
81
93
14
40
225
80
73
38
3
241
183
13
49
56
230
101
78
252
250
221
197
149
242
122
43
229
197
127
186
223
191
116
196
124
190
105
59
87
72
226
95
0
43
223
105
241
26
20
144
31
132
134
250
153
191
169
113
136
62
204
229
13
77
238
136
220
18
123
70
245
241
128
177
101
217
93
245
192
116
5
2
253
99
13
186
53
145
80
148
134
64
244
132
158
69
248
246
10
197
130
144
231
110
183
83
141
92
222
180
89
228
247
193
67
88
3
36
24
207
29
100
196
85
255
161
157
184
194
150
143
160
3
166
112
61
13
177
199
166
210
224
127
61
73
174
57
95
24
139
139
70
107
219
159
154
236
149
125
16
172
57
51
173
88
132
75
87
171
22
120
83
173
221
144
122
6
131
242
24
170
192
245
143
82
191
56
227
94
127
237
217
141
218
15
173
78
224
39
116
201
37
197
38
190
160
225
157
147
239
178
142
64
193
145
202
169
192
1
147
50
55
107
253
126
199
242
181
148
242
207
2
255
133
245
242
62
23
146
123
3
110
144
34
63
246
218
185
170
66
129
103
39
87
151
52
63
1
168
223
30
115
87
186
159
222
70
161
45
138
239
107
146
191
169
8
199
83
90
142
244
255
47
171
21
247
216
7
225
118
141
231
147
109
218
82
95
218
113
106
65
114
80
27
17
239
219
247
165
179
147
81
31
0
59
91
173
15
76
78
136
142
21
109
125
25
28
220
84
125
40
6
52
121
203
4
148
7
65
177
139
1
49
61
144
243
123
47
123
220
253
37
251
78
130
169
152
140
67
175
71
150
83
164
25
231
247
52
11
146
232
132
60
241
170
196
37
244
93
185
201
70
169
23
135
205
141
210
12
122
150
230
141
15
174
82
14
147
111
202
28
142
243
237
65
160
53
126
237
208
29
70
210
144
197
227
247
86
64
16
103
252
209
76
2
14
55
34
81
47
154
25
110
127
108
106
150
195
143
91
186
87
232
40
37
100
50
143
68
207
255
135
38
171
30
133
5
188
214
94
234
223
189
170
200
111
61
180
161
186
226
34
107
50
107
11
24
152
210
138
114
23
48
113
117
81
252
178
115
195
225
75
175
194
12
30
119
249
254
236
167
70
226
60
149
185
230
8
234
99
114
17
28
3
61
192
107
206
40
163
183
27
192
37
249
243
113
47
163
222
121
219
244
128
238
72
129
52
11
193
127
203
31
200
211
243
217
236
115
184
196
27
196
76
202
178
129
97
73
121
47
199
252
149
55
150
135
221
211
156
178
79
100
104
89
36
173
145
232
163
83
38
181
179
220
69
29
185
37
220
175
134
235
84
229
194
231
156
84
39
100
221
222
129
233
253
235
251
141
224
77
61
122
21
76
227
30
15
138
35
246
37
240
50
76
100
58
245
48
209
202
244
85
55
90
76
122
101
105
57
74
187
50
103
133
37
14
21
97
137
135
91
1
118
227
41
15
35
70
240
48
10
156
10
40
53
59
226
216
134
12
90
246
151
149
249
155
208
111
138
106
4
15
187
158
238
27
36
29
135
34
2
213
83
18
68
36
31
4
234
100
63
132
166
187
208
180
214
91
174
48
140
205
12
8
105
35
90
220
11
106
208
181
19
147
214
133
239
47
84
34
72
235
146
57
52
162
134
99
139
202
149
6
227
196
129
13
101
142
5
197
144
86
37
169
98
123
224
105
212
204
241
67
179
228
77
46
9
219
78
174
176
129
192
176
174
122
174
132
170
88
15
172
183
106
28
230
248
230
145
69
158
186
212
244
30
225
130
66
248
223
86
151
0
161
146
71
143
78
45
60
226
171
67
5
55
152
236
237
30
9
233
90
59
62
208
24
128
156
165
190
210
181
98
10
135
202
66
14
24
34
217
176
137
118
254
71
86
107
111
121
226
234
184
78
80
237
51
119
229
52
59
26
124
108
115
174
11
133
113
151
190
95
55
63
8
52
153
45
31
170
120
229
29
245
89
209
156
105
119
235
207
96
83
88
178
25
205
147
93
136
174
138
104
116
165
103
246
244
140
8
208
220
174
119
211
58
79
2
245
145
92
145
27
45
29
241
87
42
217
204
197
239
113
125
58
73
44
125
96
6
60
95
197
224
243
97
168
166
99
92
137
109
35
164
137
134
250
97
89
115
226
96
201
198
217
248
44
241
128
154
45
102
194
17
20
221
128
7
109
5
60
13
195
43
209
115
115
121
100
44
32
164
114
81
87
203
65
231
69
34
179
167
73
205
17
11
98
106
174
158
12
51
1
181
186
165
226
65
149
208
152
171
27
149
184
113
71
155
80
16
128
228
150
133
56
150
186
100
120
5
147
63
83
247
215
237
201
107
55
18
245
207
123
193
171
111
73
65
117
253
205
236
105
18
118
184
102
220
219
50
245
84
141
31
217
113
140
154
41
6
139
100
37
55
90
36
122
37
178
214
157
10
251
128
32
162
74
132
109
143
98
231
196
83
98
145
119
79
241
33
86
27
190
217
198
122
145
97
50
8
178
248
163
50
254
33
205
155
47
110
49
210
80
187
147
17
43
119
76
52
120
225
66
229
3
79
223
77
154
137
204
181
26
91
142
248
86
54
149
231
124
67
79
166
201
19
63
12
176
149
84
144
59
159
39
7
166
147
229
104
57
11
230
204
85
119
187
151
128
104
113
230
23
55
233
133
174
234
27
225
124
241
255
183
48
103
143
141
233
109
167
65
92
3
234
20
10
238
233
0
15
64
67
195
252
203
71
190
121
177
158
172
207
106
66
148
188
135
64
5
144
226
204
72
41
175
133
7
215
87
2
50
143
0
12
239
205
20
246
96
111
93
162
54
146
152
161
133
61
39
114
144
128
234
60
139
246
100
238
223
243
211
222
7
28
159
32
53
207
212
49
118
138
83
71
203
241
234
34
218
245
151
19
238
54
94
161
215
251
148
73
95
59
148
225
189
127
191
135
143
238
134
14
225
29
132
120
21
12
244
238
1
131
254
56
31
213
184
247
216
37
134
161
79
248
134
130
45
27
34
241
246
231
51
64
97
39
249
229
12
25
188
253
89
128
49
72
135
218
146
31
100
148
229
148
84
82
168
7
199
239
27
27
224
60
3
139
205
119
8
39
208
101
13
176
222
215
60
187
232
183
212
205
121
183
74
100
245
36
119
101
230
198
250
6
217
216
182
154
56
67
67
227
102
136
110
101
69
239
64
88
95
147
188
101
72
49
243
104
232
195
170
75
158
67
15
170
62
108
25
129
134
104
2
65
183
39
247
54
213
143
244
219
209
167
253
243
189
66
76
190
36
169
142
2
228
173
99
119
224
130
195
201
89
93
74
248
106
6
16
249
233
185
65
134
26
174
144
87
113
84
241
187
127
140
28
77
36
130
107
198
30
232
19
141
188
202
14
208
209
179
88
145
108
142
25
134
14
69
25
104
222
217
139
149
25
209
65
67
47
118
236
204
63
81
6
133
179
144
2
232
209
6
95
36
26
220
233
175
105
53
200
141
59
129
226
23
2
167
195
16
93
246
248
41
14
9
96
25
193
125
74
243
5
200
168
94
194
217
70
195
166
51
227
124
62
242
21
14
23
209
236
6
165
46
103
28
65
226
116
177
183
41
15
193
107
178
142
180
74
231
54
172
229
214
177
115
83
251
246
131
96
229
123
165
6
20
111
248
29
207
186
72
227
216
223
234
181
204
3
188
123
149
124
161
110
63
76
254
149
38
175
128
136
29
3
255
178
239
9
47
205
222
25
229
197
224
155
171
193
115
198
121
196
250
74
216
51
184
96
226
109
36
25
78
136
154
222
81
36
142
150
235
217
178
115
89
120
85
92
96
33
169
32
131
209
231
84
60
168
128
46
134
93
4
12
17
208
120
78
150
97
47
188
11
217
146
71
175
121
5
146
73
106
181
164
132
255
124
18
98
207
48
14
24
119
2
203
24
188
85
109
111
45
210
244
91
251
33
139
111
167
144
1
121
237
199
192
149
234
168
251
99
64
50
212
200
163
133
202
65
187
253
39
203
190
249
240
161
233
146
81
172
170
240
118
229
125
227
159
20
135
128
146
218
0
194
168
249
161
164
161
195
88
156
52
38
2
117
93
255
46
10
233
173
200
46
75
69
121
42
198
89
125
103
128
152
60
183
69
186
172
218
234
197
112
49
42
157
139
57
221
78
105
245
78
90
247
208
89
93
161
85
103
168
228
26
85
100
0
69
9
192
244
114
14
179
189
192
42
146
1
50
182
101
211
198
33
136
165
76
192
112
223
204
94
79
150
88
86
241
223
171
246
193
218
65
54
112
52
71
172
9
100
2
32
105
140
96
153
235
57
21
233
131
48
151
38
193
165
129
77
195
120
220
224
134
62
47
151
54
214
223
97
209
190
79
169
12
191
59
195
119
131
20
32
38
204
212
19
149
211
34
39
179
68
72
103
189
144
233
63
165
197
128
109
165
143
145
226
76
253
84
132
62
240
97
70
80
25
51
162
50
239
101
104
211
252
64
18
84
195
158
34
135
139
122
241
6
21
41
149
36
182
96
182
228
14
101
151
171
70
94
20
106
111
96
227
208
248
4
13
59
168
38
196
127
39
185
128
208
248
131
115
192
97
47
41
231
168
184
138
11
23
36
142
211
130
161
178
131
230
30
208
17
86
23
9
76
108
108
204
35
231
86
126
84
8
8
70
123
13
148
36
88
58
94
111
240
8
50
30
199
7
70
236
22
8
43
60
72
171
134
0
8
189
50
206
114
203
31
169
235
76
98
122
74
5
145
120
159
254
12
170
47
64
228
192
55
88
15
166
255
55
126
207
199
205
142
171
142
221
149
237
77
69
21
76
209
164
180
82
101
77
128
20
237
39
26
145
173
134
19
221
31
41
179
170
130
177
22
42
161
227
83
79
121
166
27
127
56
64
82
78
246
3
241
67
112
52
104
90
183
146
107
108
24
77
91
56
51
250
85
117
112
244
170
91
218
199
131
9
252
132
120
80
133
218
149
147
209
168
94
41
115
23
218
67
198
195
86
201
16
77
62
78
69
118
159
55
217
255
42
96
255
128
149
184
86
134
118
180
171
137
196
170
181
76
3
87
37
133
55
24
214
12
1
240
185
168
153
241
22
80
8
182
135
69
34
151
246
238
67
248
128
135
140
119
102
179
203
48
226
66
122
207
119
247
176
206
141
138
119
6
17
220
220
91
39
33
30
93
236
69
172
71
210
183
2
175
220
68
153
199
214
72
164
214
206
193
63
206
255
88
77
44
164
238
43
148
101
94
51
251
114
235
51
17
183
29
17
102
48
216
196
101
84
36
152
166
79
127
16
110
16
249
149
53
136
59
221
54
54
67
203
6
17
29
55
236
88
30
86
3
247
139
155
122
33
27
22
220
203
177
214
12
60
69
22
86
41
135
141
7
80
23
80
106
74
223
194
123
114
181
57
56
171
157
184
32
138
170
75
249
212
64
26
133
118
255
61
57
103
161
210
206
67
61
49
55
142
146
153
135
110
42
125
135
71
237
193
9
34
181
35
253
190
139
226
80
81
9
226
135
61
41
36
55
2
141
5
192
9
103
8
157
141
223
195
192
53
7
201
72
126
154
92
155
141
19
80
180
152
62
151
100
9
168
194
194
217
176
75
236
147
74
201
243
71
153
176
92
252
229
110
138
14
185
223
152
203
39
184
86
71
123
2
248
141
152
1
237
229
88
243
197
143
178
181
108
219
184
251
229
148
0
31
223
18
89
119
89
18
110
76
64
194
202
183
35
201
10
36
13
132
53
7
192
116
194
0
91
126
254
97
215
141
148
142
202
107
50
240
238
226
212
29
18
235
181
79
176
58
220
8
56
166
199
88
51
50
217
103
124
45
143
36
207
102
111
31
226
48
144
117
74
174
220
96
168
149
57
74
99
20
61
250
192
236
149
195
90
237
244
196
111
88
134
224
203
194
149
252
19
189
164
167
191
14
31
124
187
117
40
129
149
215
24
58
108
198
95
24
90
183
41
190
22
164
68
190
41
37
68
226
141
19
212
197
37
235
30
185
139
193
138
201
251
247
170
95
184
97
205
140
161
162
74
177
62
153
100
39
159
218
69
88
65
14
209
78
44
113
182
86
94
94
30
213
90
82
112
64
59
207
67
58
53
130
31
163
252
179
226
121
124
222
247
135
83
120
189
81
38
156
83
115
64
196
248
242
214
232
208
73
225
64
70
130
191
243
2
234
43
146
147
245
129
205
253
124
68
154
2
87
201
216
152
18
117
109
61
162
18
36
202
159
104
34
112
196
213
119
70
34
252
67
167
83
69
171
141
160
231
145
117
170
100
73
94
36
148
78
254
60
144
65
97
218
184
96
54
167
22
127
23
15
159
199
193
210
76
114
30
147
61
63
183
237
115
72
203
80
194
39
137
86
13
211
26
82
59
30
76
139
243
177
133
227
252
15
115
209
99
184
148
172
61
10
66
151
254
107
190
216
199
37
48
214
198
117
16
108
6
102
58
39
65
218
238
61
39
167
225
213
192
157
214
81
243
250
23
12
209
120
4
198
228
14
166
81
99
5
232
137
179
151
229
123
199
62
173
88
95
34
48
128
182
127
220
59
246
174
114
184
9
29
143
244
110
178
70
242
254
162
225
37
79
16
111
224
25
43
211
29
134
90
51
14
66
37
248
254
41
250
159
44
107
34
207
211
148
236
251
202
222
253
149
38
242
121
244
13
52
212
71
68
239
36
184
95
107
188
54
136
199
75
218
130
86
223
106
169
64
191
74
148
235
13
129
6
165
3
224
49
70
226
156
14
123
113
60
219
208
25
50
144
141
21
121
78
111
241
162
62
7
80
67
174
23
124
9
144
246
227
31
13
61
12
125
185
147
184
215
247
30
135
75
179
136
129
255
102
126
179
160
41
113
246
244
41
246
90
196
167
237
243
109
96
149
16
146
137
194
215
62
241
156
64
5
180
96
89
246
184
164
177
63
9
29
227
179
95
38
6
137
31
3
217
186
143
99
103
112
144
0
184
168
123
125
129
12
125
132
115
24
14
158
30
240
214
227
178
242
58
126
132
189
144
154
106
234
117
77
244
246
47
100
108
133
13
96
113
88
106
185
236
166
101
139
208
57
183
111
93
27
148
44
70
160
243
159
4
34
92
237
253
4
178
82
87
71
95
241
6
222
246
123
64
1
29
112
193
66
235
4
51
24
122
161
123
36
0
111
224
4
34
198
14
238
91
199
30
147
204
147
129
196
70
37
32
56
212
170
72
135
92
114
212
156
220
187
136
255
160
194
30
57
231
126
75
198
253
0
172
159
104
159
89
107
98
72
205
218
151
101
80
196
189
111
196
64
146
15
11
235
193
56
243
8
121
249
75
121
176
219
175
181
2
147
75
23
188
41
1
153
211
163
133
207
137
49
254
80
43
156
243
33
107
182
146
202
226
207
214
249
249
105
134
146
79
141
251
96
189
113
146
246
224
21
74
245
148
194
57
248
18
54
234
206
209
89
19
176
155
151
182
71
94
197
72
242
62
100
196
188
253
34
198
112
59
185
62
11
17
177
36
8
8
212
249
214
119
37
180
184
181
22
140
184
155
213
233
115
9
113
215
128
7
202
220
209
46
39
63
100
186
26
60
60
43
71
25
79
1
66
137
7
165
165
164
195
1
123
235
46
64
29
149
61
88
175
158
59
147
248
78
235
233
205
40
87
133
157
14
17
112
83
163
236
35
151
163
74
62
198
28
5
12
29
177
141
153
86
0
184
127
129
51
159
236
26
165
228
56
106
234
173
7
242
5
103
136
30
17
90
65
114
63
64
145
30
145
176
132
21
76
47
118
49
167
184
23
85
253
52
4
251
223
211
226
129
236
178
24
105
119
241
14
230
213
249
117
67
27
25
201
229
238
241
7
109
175
34
231
14
156
57
233
99
163
234
32
40
245
200
238
51
230
127
51
53
194
28
215
6
17
254
87
180
235
184
22
28
70
8
39
141
164
74
4
57
221
232
40
63
200
35
243
88
109
154
14
130
33
91
17
36
0
217
41
99
19
89
235
160
46
170
122
88
129
85
7
210
171
222
178
140
10
51
150
109
146
30
172
133
96
65
5
141
109
224
98
128
243
99
43
192
125
123
85
189
39
183
191
120
37
46
11
99
14
211
72
31
85
103
88
225
151
107
96
4
166
160
12
184
245
115
37
253
14
99
156
78
20
81
26
68
31
180
198
183
87
235
69
16
156
207
248
87
84
130
31
88
240
176
136
62
26
61
169
133
71
123
234
158
20
68
105
50
100
124
134
49
216
29
80
171
96
166
84
209
227
223
45
213
194
124
181
220
89
220
151
47
39
177
22
208
162
174
221
41
205
2
203
48
161
129
124
247
223
176
215
245
42
132
25
90
190
190
213
144
27
142
100
146
127
24
115
250
21
184
53
50
86
129
42
148
107
78
105
59
129
136
220
174
195
100
8
63
12
138
88
19
152
12
48
255
44
8
168
252
225
113
127
34
182
120
164
70
9
220
189
209
245
221
159
143
32
83
121
74
25
137
55
26
190
123
223
185
183
143
216
156
139
65
112
145
81
185
158
252
39
78
225
79
103
122
209
146
87
243
248
192
102
126
185
125
114
42
147
242
201
76
173
13
219
130
72
223
138
223
60
213
99
111
131
200
104
141
103
35
178
245
88
189
243
30
88
197
92
124
197
213
80
103
174
18
103
227
123
132
64
55
235
214
218
64
237
188
155
116
169
193
43
92
223
231
120
145
81
215
139
206
73
231
97
150
213
130
111
97
221
141
236
239
5
198
1
156
78
250
244
17
89
193
206
244
251
164
213
99
133
226
195
169
218
171
53
254
255
130
219
155
149
198
163
145
233
212
31
58
184
243
24
240
102
4
220
42
61
167
64
196
125
159
226
145
118
180
238
157
238
116
60
77
237
182
189
61
123
23
139
41
60
231
223
174
76
123
154
243
4
15
45
197
89
26
102
102
211
116
144
6
235
87
177
125
196
95
58
61
0
212
251
144
225
189
68
4
248
81
4
130
225
46
118
183
26
149
112
184
254
157
176
9
85
56
168
58
24
180
238
81
45
91
110
98
195
156
171
134
4
72
49
195
203
136
101
9
113
110
101
169
120
154
99
102
151
72
251
167
62
144
186
99
78
227
179
229
141
119
110
73
106
212
105
105
4
124
139
144
26
51
2
111
230
68
37
179
151
203
207
14
248
214
94
80
216
196
120
98
142
74
138
215
122
30
155
233
214
221
165
121
231
191
251
44
62
107
108
131
84
214
225
190
168
241
229
163
162
143
223
159
157
77
2
3
184
87
100
178
186
38
12
65
14
79
167
156
31
226
24
45
18
225
207
201
254
245
193
86
59
248
255
107
244
5
214
94
55
34
88
68
121
97
24
188
91
69
151
124
164
246
217
186
122
167
154
13
100
222
70
79
163
205
127
155
17
93
136
113
254
54
194
175
188
163
107
133
9
27
156
155
59
187
37
233
37
10
222
179
134
105
169
28
50
96
51
121
51
212
7
99
101
0
26
199
181
2
74
242
161
97
112
164
151
213
164
217
96
134
80
125
227
228
243
228
51
253
183
39
200
104
73
203
193
85
45
198
62
130
31
154
171
252
248
173
121
253
173
235
235
162
171
231
208
98
232
40
100
222
70
146
72
11
243
8
173
158
67
192
144
151
29
96
245
0
92
54
249
93
234
12
43
73
113
196
162
141
56
103
115
244
66
143
89
218
236
194
152
65
226
252
93
196
117
43
227
56
103
82
237
75
73
17
49
102
238
200
253
122
37
205
59
5
46
197
140
178
234
145
185
230
28
61
134
224
174
248
99
176
252
101
44
16
108
6
106
180
223
1
205
111
49
146
188
220
12
90
172
137
207
113
38
89
11
209
130
226
49
80
53
155
103
194
247
14
208
125
14
200
181
192
180
155
65
185
42
214
196
190
166
106
251
236
43
35
6
207
165
151
230
58
166
18
111
117
163
197
242
52
157
154
59
61
83
49
158
109
253
171
164
249
220
203
146
73
144
114
197
135
49
222
208
141
235
148
0
121
157
199
26
90
134
23
137
60
91
194
147
231
99
194
71
11
240
72
253
124
59
195
173
58
183
186
170
163
186
231
222
114
214
209
186
18
221
171
22
221
111
2
101
206
160
250
178
74
211
242
62
255
182
194
197
110
206
113
255
22
106
124
203
99
32
144
250
87
130
235
110
185
180
0
212
156
48
102
87
202
126
35
170
1
147
230
52
49
80
180
80
162
91
237
89
6
172
207
32
157
142
42
85
225
17
201
7
185
37
65
67
97
58
171
30
85
85
53
178
99
177
185
226
242
52
165
16
9
88
210
144
156
151
83
199
234
227
239
173
76
223
112
21
49
78
151
228
225
168
30
115
144
233
229
173
166
35
83
99
37
65
19
138
110
61
46
137
160
94
117
163
184
138
243
34
193
230
254
33
200
110
197
170
184
133
18
199
243
64
166
77
196
232
230
30
148
114
66
77
111
196
238
87
182
207
250
241
204
24
137
14
158
40
211
201
94
25
198
156
43
20
188
168
145
108
116
161
186
126
7
183
140
69
123
246
93
20
182
205
25
188
225
191
43
213
221
183
153
230
250
6
189
248
58
254
184
54
187
103
72
91
177
103
206
255
174
127
231
57
246
252
35
77
218
185
171
191
5
166
232
112
235
93
37
117
20
154
34
167
88
35
81
163
109
65
123
177
167
70
245
10
26
104
242
115
13
127
224
253
202
198
154
63
198
159
26
7
167
240
55
234
239
186
235
236
188
194
152
173
233
128
40
236
52
71
76
161
196
252
0
57
92
110
164
91
45
14
22
10
201
247
57
70
55
147
189
182
151
245
212
244
251
122
81
161
42
77
236
24
237
136
2
128
216
195
103
28
36
148
204
186
164
185
103
89
37
71
117
40
13
217
155
146
90
187
148
107
5
110
74
167
20
39
176
162
55
129
62
208
57
230
249
123
229
142
178
89
239
62
197
137
171
60
45
162
171
241
239
229
238
119
83
34
31
23
6
214
12
208
46
152
211
156
181
214
162
247
103
47
192
95
69
58
60
73
141
252
98
229
69
160
74
89
49
178
54
208
73
80
54
118
105
72
126
136
171
52
47
212
42
140
162
126
23
18
207
179
131
37
55
231
8
50
181
84
198
164
87
2
7
80
236
190
127
66
248
158
227
136
223
190
167
157
140
225
60
184
35
249
35
132
81
82
232
215
207
155
251
210
115
0
90
255
235
152
204
169
32
0
117
57
71
25
18
96
86
239
246
100
36
177
55
52
10
33
141
147
229
249
97
221
219
35
196
52
116
240
241
242
84
71
240
134
178
135
109
142
199
152
94
166
18
132
79
48
211
209
212
112
40
245
13
102
255
198
78
1
102
169
22
104
135
156
113
230
130
48
182
59
195
83
22
221
233
152
55
104
162
116
55
192
202
238
218
1
205
251
30
218
216
184
107
164
65
200
236
64
34
53
249
150
232
0
213
159
19
53
34
175
227
175
248
219
26
134
240
117
180
156
42
192
106
146
229
86
252
98
114
53
191
206
6
95
211
160
106
126
198
103
240
24
154
128
66
230
182
51
203
193
220
87
186
116
146
197
106
151
23
240
178
165
212
168
222
71
98
34
25
6
208
196
16
184
110
34
64
200
158
79
70
78
254
144
168
71
22
169
120
88
178
85
111
22
235
171
227
83
32
177
62
18
134
5
117
228
221
235
75
48
89
113
229
177
181
113
28
1
202
32
16
72
140
229
68
142
161
252
132
253
235
0
105
145
206
216
98
99
90
4
4
3
220
239
241
43
97
3
213
1
243
68
20
239
151
143
1
150
18
75
202
243
172
213
138
249
180
132
208
8
246
249
226
184
49
80
12
78
99
217
202
110
188
219
19
133
49
117
76
239
148
88
159
192
119
41
158
32
244
228
51
75
254
118
147
199
206
46
41
119
37
208
221
25
6
86
95
54
59
146
147
144
121
201
191
32
88
84
240
162
38
122
120
231
38
34
144
163
239
10
62
190
155
69
150
107
74
48
47
233
184
51
94
53
150
28
157
246
72
77
62
117
92
87
185
106
48
237
199
28
131
77
228
166
174
92
160
52
203
217
200
206
34
235
28
164
204
4
14
77
22
164
239
231
189
107
114
51
253
13
155
81
56
10
139
69
49
5
178
53
85
144
177
219
141
136
132
111
253
131
133
170
23
232
162
216
179
45
69
138
114
16
168
159
34
106
118
177
133
247
209
172
156
111
68
214
6
228
245
43
151
225
243
160
246
189
184
194
41
11
86
4
208
145
126
127
186
204
164
6
26
12
18
83
23
128
242
120
90
229
238
20
106
145
151
251
155
209
205
141
210
18
101
50
156
239
151
187
32
59
120
77
190
196
102
170
9
118
120
251
248
211
172
250
145
186
160
165
22
150
187
99
25
61
33
53
119
175
152
40
56
140
137
136
74
168
34
139
176
129
51
153
218
156
209
253
45
160
60
69
88
94
68
33
99
205
129
63
188
90
89
9
57
86
78
60
210
198
43
198
56
102
179
74
241
94
150
75
201
15
18
176
200
69
132
33
43
239
191
52
75
219
63
0
57
250
176
112
144
114
139
68
43
57
245
197
20
217
13
218
149
136
4
143
78
103
208
192
252
23
76
88
228
148
195
72
218
49
81
16
228
121
183
229
57
184
111
123
58
217
74
183
50
124
145
220
114
181
93
172
91
208
239
2
101
141
201
30
164
238
31
78
127
88
133
12
165
80
220
85
25
239
98
7
98
215
165
186
4
33
12
134
40
113
49
92
121
85
165
22
80
126
215
86
129
180
55
233
244
192
54
57
171
200
88
6
205
97
238
71
121
54
107
88
199
147
169
96
160
82
198
246
218
236
196
218
233
171
99
239
225
103
174
18
187
180
7
172
240
15
137
88
78
123
97
172
22
12
179
44
187
3
75
66
77
151
73
225
126
246
133
252
26
94
97
88
251
102
190
105
213
151
31
223
83
193
68
81
108
164
52
76
86
94
179
212
192
83
6
9
200
72
61
94
31
15
54
96
6
47
118
39
30
33
113
247
37
77
57
136
244
248
12
253
31
232
79
178
55
153
211
57
231
234
211
138
184
27
46
193
121
205
75
113
31
78
82
47
241
147
253
114
106
0
77
23
224
185
232
217
96
153
187
56
141
206
102
190
219
139
117
197
72
10
47
197
77
46
214
116
114
2
216
243
183
76
189
88
27
108
94
11
172
141
14
120
13
118
238
253
95
129
241
53
182
149
67
211
153
47
110
198
159
20
94
184
225
112
46
91
150
130
82
217
75
113
77
5
149
174
140
193
229
2
63
137
21
6
179
193
128
236
71
213
39
102
34
50
216
192
13
33
19
154
6
13
106
160
218
118
153
176
148
60
68
106
247
82
28
172
111
103
206
82
169
98
92
86
106
52
117
173
39
137
161
2
229
120
221
66
179
148
186
217
2
193
123
102
6
38
73
65
82
97
98
22
184
34
223
81
222
228
29
136
132
27
110
62
232
156
221
238
82
95
112
58
101
221
176
41
89
52
50
39
72
28
16
87
60
121
157
138
5
58
94
93
95
85
72
140
91
249
30
201
130
54
48
110
45
23
108
83
66
100
122
159
93
7
255
117
159
226
233
106
250
198
137
71
109
225
237
117
26
141
189
250
150
203
238
74
232
124
157
164
233
61
171
106
209
122
2
55
120
240
211
73
239
57
117
128
115
145
148
77
58
100
42
62
107
236
192
250
160
144
150
7
121
77
199
54
196
121
99
8
73
178
16
186
70
91
185
103
209
9
69
197
47
89
154
99
156
191
139
185
14
253
137
241
41
17
233
8
87
192
93
228
70
249
28
223
140
74
25
160
222
191
245
134
140
243
136
45
203
23
57
74
64
244
22
69
41
0
244
135
70
16
157
213
201
106
98
1
218
59
156
58
240
43
73
251
184
107
188
90
134
18
78
221
209
32
21
238
10
247
188
38
114
59
246
253
48
25
75
41
225
215
88
129
156
255
229
223
214
47
26
108
195
253
181
208
91
151
142
126
249
237
202
24
235
187
230
33
169
90
247
82
50
30
104
187
146
137
44
215
115
59
59
37
148
84
129
10
72
86
138
192
105
58
211
85
42
232
162
38
159
57
221
176
248
171
6
189
176
11
208
50
161
75
203
165
40
58
14
215
136
132
47
109
53
120
78
53
83
238
149
152
37
115
185
27
153
137
23
56
36
7
40
111
242
94
50
174
234
226
22
125
3
63
7
191
54
107
132
185
47
196
111
86
84
239
94
234
199
0
125
152
91
119
27
141
119
19
85
231
33
227
230
33
7
228
211
237
212
36
184
229
230
67
68
239
39
63
101
20
69
183
216
151
141
247
38
12
193
71
99
176
231
110
113
223
150
193
47
6
105
225
182
19
45
119
160
206
202
125
104
33
107
245
62
74
118
225
46
220
18
199
53
202
28
166
0
160
136
22
220
12
67
210
101
118
41
49
205
1
243
70
98
33
155
222
237
80
133
154
205
79
7
142
35
233
59
66
168
208
27
21
183
11
134
63
201
193
211
138
192
133
104
208
126
40
176
181
31
191
138
230
231
208
216
186
4
28
155
135
232
253
216
141
29
198
197
39
233
81
174
142
145
158
223
148
210
52
72
113
4
201
176
114
54
11
201
106
222
63
158
193
126
147
212
250
171
55
34
220
165
242
144
199
150
203
7
16
253
180
9
109
145
148
120
183
197
143
82
13
221
15
252
115
229
9
157
155
234
23
30
141
137
30
74
5
110
20
211
11
130
202
73
189
155
146
97
169
55
196
3
179
26
19
148
15
186
40
69
153
148
163
81
108
203
33
165
149
78
160
229
188
19
21
218
26
239
194
200
232
128
192
167
31
169
227
247
205
135
180
172
235
181
133
68
134
38
238
160
144
73
141
113
21
2
39
143
208
42
108
210
49
243
113
198
21
202
251
139
198
133
93
76
242
246
0
189
39
183
119
109
248
9
59
167
208
26
93
107
24
45
129
35
156
175
102
21
182
93
182
81
103
178
72
21
92
117
129
241
210
246
229
33
185
31
118
120
237
121
123
136
40
113
18
232
61
162
186
139
121
149
247
208
7
143
18
112
205
1
188
112
236
203
150
19
32
10
134
239
179
118
10
71
163
203
251
127
89
98
137
144
207
190
38
204
200
149
148
11
49
117
35
119
52
1
127
220
174
221
7
98
149
169
217
112
35
138
26
53
176
214
154
226
41
248
115
112
155
4
191
161
101
88
5
183
222
199
204
55
5
134
16
93
219
167
148
119
91
129
130
151
155
61
77
40
213
171
212
1
79
173
247
195
125
192
157
16
255
44
88
23
135
178
59
53
172
112
120
98
57
158
155
187
165
120
178
127
188
240
186
145
13
175
106
209
85
64
97
164
4
126
173
247
129
77
72
109
208
105
25
68
15
123
101
22
36
99
101
238
166
205
227
135
252
112
97
150
191
16
75
1
191
11
37
34
35
117
213
75
9
51
108
205
26
40
112
159
18
217
131
0
229
128
32
9
220
83
110
22
105
4
154
156
42
159
46
120
133
7
130
90
68
38
189
55
78
72
57
146
52
225
73
84
240
156
29
184
134
195
144
16
76
32
80
101
231
180
108
168
130
5
246
63
236
129
16
1
13
32
188
213
79
21
184
227
187
196
165
107
207
105
32
38
136
195
61
36
212
111
37
170
156
166
252
135
40
135
54
173
207
16
111
1
140
235
78
105
15
115
115
93
99
98
183
53
54
186
