68
211
22
125
184
183
170
1
108
219
126
197
96
63
146
201
148
227
230
13
8
199
122
145
188
235
78
85
176
79
98
89
228
243
182
157
88
215
74
33
12
251
30
229
0
95
50
233
52
3
134
45
168
231
26
177
92
11
238
117
80
111
2
121
132
19
86
189
248
247
234
65
172
27
190
5
160
127
210
9
212
35
38
77
72
7
186
209
252
43
142
149
240
143
162
153
36
51
246
221
152
23
138
97
76
59
94
37
64
159
114
41
116
67
198
109
232
39
90
241
156
75
46
181
144
175
66
185
196
83
150
253
56
55
42
129
236
91
254
69
224
191
18
73
20
99
102
141
136
71
250
17
60
107
206
213
48
207
226
217
100
115
54
29
216
87
202
161
140
123
158
101
128
223
178
105
180
131
6
173
40
103
154
49
220
139
110
245
208
239
130
249
4
147
214
61
120
119
106
193
44
155
62
133
32
255
82
137
84
163
166
205
200
135
58
81
124
171
14
21
112
15
34
25
164
179
118
93
24
151
10
225
204
187
222
165
192
31
242
169
244
195
70
237
104
167
218
113
28
203
174
53
16
47
194
57
68
211
22
125
184
183
170
1
108
219
126
197
96
63
146
201
148
227
230
13
8
199
122
145
188
235
78
85
176
79
98
89
228
243
182
157
88
215
74
33
12
251
30
229
0
95
50
233
52
3
134
45
168
231
26
177
92
11
238
117
80
111
2
121
132
19
86
189
248
247
234
65
172
27
190
5
160
127
210
9
212
35
38
77
72
7
186
209
252
43
142
149
240
143
162
153
36
51
246
221
152
23
138
97
76
59
94
37
64
159
114
41
116
67
198
109
232
39
90
241
156
75
46
181
144
175
66
185
196
83
150
253
56
55
42
129
236
91
254
69
224
191
18
73
20
99
102
141
136
71
250
17
60
107
206
213
48
207
226
217
100
115
54
29
216
87
202
161
140
123
158
101
128
223
178
105
180
131
6
173
40
103
154
49
220
139
110
245
208
239
130
249
4
147
214
61
120
119
106
193
44
155
62
133
32
255
82
137
84
163
166
205
200
135
58
81
124
171
14
21
112
15
34
25
164
179
118
93
24
151
10
225
204
187
222
165
192
31
242
169
244
195
70
237
104
167
218
113
28
203
174
53
16
47
194
57
68
211
22
125
184
183
170
1
108
219
126
197
96
63
146
201
148
227
230
13
8
199
122
145
188
235
78
85
176
79
98
89
228
243
182
157
88
215
74
33
12
251
30
229
0
95
50
233
52
3
134
45
168
231
26
177
92
11
238
117
80
111
2
121
132
19
86
189
248
247
234
65
172
27
190
5
160
127
210
9
212
35
38
77
72
7
186
209
252
43
142
149
240
143
162
153
36
51
246
221
152
23
138
97
76
59
94
37
64
159
114
41
116
67
198
109
232
39
90
241
156
75
46
181
144
175
66
185
196
83
150
253
56
55
42
129
236
91
254
69
224
191
18
73
20
99
102
141
136
71
250
17
60
107
206
213
48
207
226
217
100
115
54
29
216
87
202
161
140
123
158
101
128
223
178
105
180
131
6
173
40
103
154
49
220
139
110
245
208
239
130
249
4
147
214
61
120
119
106
193
44
155
62
133
32
255
82
137
84
163
166
205
200
135
58
81
124
171
14
21
112
15
34
25
164
179
118
93
24
151
10
225
204
187
222
165
192
31
242
169
244
195
70
237
104
167
218
113
28
203
174
53
16
47
194
57
68
211
22
125
184
183
170
1
108
219
126
197
96
63
146
201
148
227
230
13
8
199
122
145
188
235
78
85
176
79
98
89
228
243
182
157
88
215
74
33
12
251
30
229
0
95
50
233
52
3
134
45
168
231
26
177
92
11
238
117
80
111
2
121
132
19
86
189
248
247
234
65
172
27
190
5
160
127
210
9
212
35
38
77
72
7
186
209
252
43
142
149
240
143
162
153
36
51
246
221
152
23
138
97
76
59
94
37
64
159
114
41
116
67
198
109
232
39
90
241
156
75
46
181
144
175
66
185
196
83
150
253
56
55
42
129
236
91
254
69
224
191
18
73
20
99
102
141
136
71
250
17
60
107
206
213
48
207
226
217
100
115
54
29
216
87
202
161
140
123
158
101
128
223
178
105
180
131
6
173
40
103
154
49
220
139
110
245
208
239
130
249
4
147
214
61
120
119
106
193
44
155
62
133
32
255
82
137
84
163
166
205
200
135
58
81
124
171
14
21
112
15
34
25
164
179
118
93
24
151
10
225
204
187
222
165
192
31
242
169
244
195
70
237
104
167
218
113
28
203
174
53
16
47
194
57
