n_ch=16
n_samp=256
419
914
1012
929
93
214
230
691
821
527
846
502
524
507
190
897
652
769
754
554
714
265
857
1003
268
912
237
678
439
92
383
12
783
210
523
572
468
678
401
113
329
805
383
750
720
585
907
921
669
929
44
110
770
583
742
501
1000
325
181
919
46
90
994
364
519
45
641
551
60
296
230
781
883
997
419
125
134
57
1004
306
432
848
163
122
665
172
982
820
1003
80
284
326
70
708
464
888
101
5
1021
197
122
310
484
120
719
156
934
629
337
495
125
980
736
1008
845
672
716
188
619
712
405
281
476
283
46
558
340
331
191
124
580
163
30
581
431
599
875
184
1020
649
639
511
718
617
984
39
378
722
985
977
612
768
857
234
149
484
768
134
771
728
899
777
37
688
296
934
734
89
316
513
713
1013
643
332
378
451
805
423
121
215
779
210
581
491
873
260
716
70
766
581
837
703
813
607
412
477
12
320
822
846
560
259
31
471
766
769
270
582
921
218
268
331
329
1019
973
132
519
678
732
668
647
1022
465
693
559
984
273
531
970
815
785
637
943
322
495
208
873
380
237
886
59
913
881
78
700
591
385
81
773
958
616
986
149
667
799
319
43
644
725
289
942
593
139
641
803
397
875
462
199
331
655
839
655
736
930
864
727
358
563
330
161
540
983
424
943
190
65
488
541
1002
488
46
726
881
732
470
917
132
41
53
339
157
53
880
604
94
120
51
463
862
803
137
812
149
783
403
463
956
202
4
152
541
416
980
327
973
417
707
716
334
708
532
987
927
569
476
413
620
983
310
603
173
552
402
787
664
1021
371
876
88
93
274
519
275
869
773
231
266
188
921
445
849
955
300
979
383
668
370
798
530
19
1014
984
315
187
654
967
145
275
486
529
462
909
479
358
811
572
790
912
722
876
169
677
240
784
469
168
388
978
736
56
344
30
113
38
40
234
239
393
718
264
368
538
923
869
648
201
334
133
210
585
439
568
1014
498
429
133
189
463
5
266
791
454
250
186
248
574
373
976
879
873
360
980
540
831
89
115
149
813
105
433
414
44
432
175
271
301
595
314
888
414
316
28
761
882
317
782
941
726
298
496
68
220
79
720
558
594
719
681
989
935
647
854
245
552
254
886
160
582
595
792
410
1023
890
214
197
740
939
710
170
411
624
399
631
413
81
330
742
617
244
514
547
692
374
438
674
768
971
47
591
786
267
904
421
898
154
96
781
657
703
83
150
740
451
268
680
54
168
704
170
424
288
772
964
298
769
453
543
984
61
39
828
480
482
722
380
981
753
222
840
539
283
196
1017
156
118
864
798
624
997
360
912
880
799
435
668
808
12
192
386
593
626
603
634
549
695
997
939
817
773
134
645
394
392
779
497
542
174
121
1008
571
224
733
417
658
492
745
684
937
545
717
326
340
222
917
699
171
517
976
996
597
272
186
784
860
52
217
333
228
443
780
595
505
8
74
689
1012
367
454
627
524
474
564
393
770
864
296
763
479
295
549
289
721
266
215
856
152
650
707
529
115
127
881
735
953
177
379
252
308
689
966
567
526
914
229
756
874
969
402
914
680
344
577
389
283
703
154
107
104
77
251
281
369
536
348
242
873
461
221
1010
896
622
418
620
812
626
454
350
76
544
552
720
43
931
596
280
61
886
811
940
843
416
272
527
99
602
19
3
946
504
709
447
542
416
897
261
288
310
411
983
134
717
986
708
221
867
65
612
149
375
191
532
396
964
540
262
122
656
413
157
53
228
45
498
60
845
229
774
316
104
152
34
594
326
979
541
768
137
933
381
573
1002
562
723
660
670
259
460
754
544
998
7
971
820
425
939
929
386
454
416
56
537
418
16
218
264
370
162
43
833
380
707
599
324
392
800
474
472
273
959
873
398
925
434
436
821
962
396
274
641
667
309
440
507
992
816
859
279
789
561
382
32
262
322
646
618
723
815
376
164
574
685
480
175
715
589
355
809
446
462
439
895
373
70
331
814
565
902
448
178
622
476
920
185
997
668
215
161
729
175
922
597
414
676
495
570
348
537
43
895
897
891
470
272
0
775
690
137
556
1021
628
1006
741
333
281
351
313
109
250
143
475
976
248
956
359
945
192
214
503
206
489
661
494
136
78
454
40
487
852
471
325
277
139
474
237
814
862
260
1021
588
103
376
42
448
777
928
315
314
164
700
743
630
873
562
486
456
960
130
720
66
812
124
474
286
108
657
929
146
808
242
878
697
732
433
569
95
804
514
785
112
496
905
566
962
647
929
697
336
489
112
89
557
665
997
992
697
739
156
63
232
884
116
362
814
299
885
167
867
53
990
369
354
857
689
427
707
717
375
783
254
527
422
968
1001
965
858
889
419
419
705
887
491
750
8
963
340
249
825
3
665
662
637
435
769
767
636
703
358
864
448
146
685
410
484
137
892
837
304
384
513
475
467
701
520
630
159
38
10
217
920
561
759
409
661
349
900
566
677
986
70
248
645
540
904
691
483
900
973
72
1003
768
221
101
956
976
488
215
393
551
728
475
464
288
984
357
960
370
873
418
177
285
171
139
369
158
507
221
275
2
480
749
60
413
454
557
134
327
253
646
878
1018
339
857
49
247
589
984
119
612
1019
763
697
941
479
605
759
696
70
953
176
569
923
856
823
548
624
486
124
162
926
83
406
78
953
804
20
736
72
345
238
11
336
269
302
126
702
26
120
609
21
871
219
137
406
154
28
421
823
428
1003
71
714
19
176
441
788
947
50
954
788
427
755
380
347
983
863
114
1018
874
662
751
926
1
662
1022
536
812
645
495
222
140
769
281
595
550
578
136
90
380
1003
328
274
765
613
275
722
893
184
90
897
348
330
685
225
436
833
305
853
17
660
549
411
321
619
163
780
523
388
658
1016
450
370
144
178
734
1016
198
446
568
721
441
233
357
522
497
10
995
1023
684
205
589
587
603
803
245
59
796
441
733
902
992
300
948
648
468
608
665
604
611
55
780
729
409
709
757
75
891
431
915
582
844
344
595
71
349
1011
733
670
8
877
194
510
720
337
859
492
731
719
345
850
425
842
259
957
23
731
60
468
117
389
85
325
108
613
728
474
544
651
368
608
138
414
47
754
841
111
305
310
878
130
338
733
166
37
356
178
879
777
947
953
895
552
3
678
654
890
143
330
261
6
666
90
32
30
372
546
15
11
475
962
789
1004
22
665
810
338
7
825
509
421
143
622
495
273
412
81
114
46
1023
486
540
227
345
265
606
496
908
461
866
772
333
922
996
191
441
543
688
752
347
389
772
173
586
603
724
929
641
1009
235
326
479
609
516
345
717
508
929
614
201
92
885
988
767
747
842
104
76
582
445
381
779
3
510
381
874
763
1016
372
66
171
300
1006
811
142
516
158
172
882
658
21
291
914
418
507
27
550
86
454
725
712
789
307
265
487
637
832
49
755
674
114
383
530
521
125
394
323
106
125
927
58
264
304
162
661
955
194
600
880
121
513
391
18
28
537
280
753
455
782
1021
670
212
790
438
600
399
432
214
317
316
164
71
438
704
391
715
772
1021
259
623
472
934
550
667
571
787
365
794
822
115
36
650
727
613
177
395
680
526
820
353
863
314
484
991
874
340
211
781
860
377
664
477
63
900
678
280
15
502
784
977
213
84
367
896
292
719
897
502
167
341
254
361
970
319
57
634
261
324
341
904
91
106
518
134
155
443
299
319
505
985
225
294
179
449
359
731
514
607
598
809
58
282
276
561
600
109
583
774
46
761
831
97
214
37
707
93
851
308
394
84
186
1008
681
274
952
78
362
705
485
294
475
894
1010
683
194
165
149
532
854
203
407
27
66
710
517
631
592
886
799
233
311
537
849
340
144
424
476
395
669
122
63
840
813
411
774
332
245
805
166
612
891
1006
13
763
514
383
7
305
164
586
420
730
444
750
409
510
414
574
166
905
769
874
863
257
842
130
703
602
453
811
664
537
94
204
994
11
470
33
225
700
924
698
96
869
633
686
811
279
917
662
791
160
767
774
156
662
3
331
227
737
421
771
1010
688
864
508
522
364
852
825
933
228
396
750
365
97
849
47
44
881
629
1015
786
469
308
661
817
950
546
905
178
114
660
862
47
29
548
921
817
612
341
697
642
26
219
298
295
375
492
670
538
964
675
807
915
844
387
543
355
334
947
900
778
209
272
110
630
279
981
225
53
671
569
344
187
35
991
95
659
46
638
215
204
578
726
670
493
145
3
708
116
297
382
920
9
573
918
1017
441
95
486
900
938
510
268
737
452
395
924
988
1
8
469
301
277
781
412
232
180
18
965
515
74
320
643
591
461
935
686
978
870
981
135
883
2
465
608
847
907
58
378
735
739
850
809
146
732
181
0
542
55
670
304
244
349
94
678
353
914
228
342
331
836
524
457
61
549
472
660
512
572
395
412
416
676
493
431
633
131
1016
560
501
563
17
140
682
546
955
697
181
540
430
165
106
747
708
412
271
542
598
414
565
947
750
363
406
94
618
784
399
236
575
447
369
329
276
133
874
964
522
288
195
212
904
923
811
161
558
30
236
83
388
919
798
561
983
317
346
666
627
812
647
910
792
502
35
70
707
702
475
581
650
916
278
948
953
717
124
673
245
578
90
985
464
375
464
182
525
598
901
875
74
160
728
70
710
721
726
818
483
858
301
964
665
302
349
779
853
887
487
801
767
933
746
171
520
291
680
512
56
178
998
119
840
434
672
505
116
985
820
1008
550
738
436
1007
55
693
381
876
916
748
892
398
244
455
483
256
1002
927
931
538
717
294
737
231
215
598
150
393
655
667
363
772
206
664
520
964
899
890
313
875
806
558
649
936
895
916
143
591
697
195
570
813
684
307
817
871
597
638
282
49
577
600
171
181
612
547
299
658
32
688
373
865
563
72
372
116
829
711
992
982
170
385
573
575
79
50
353
628
368
199
208
254
379
343
810
183
239
246
806
212
917
881
835
819
797
490
497
499
516
61
943
691
916
229
314
628
160
232
969
554
753
551
729
436
669
975
578
651
664
636
218
6
46
581
975
305
528
84
432
303
804
958
560
47
432
315
747
863
170
563
226
791
506
100
49
62
640
480
164
493
672
520
874
41
786
758
260
744
182
369
810
683
579
990
268
195
765
345
540
897
241
733
1017
213
386
991
608
1009
282
88
432
373
230
637
176
1006
639
805
225
645
145
1013
500
336
826
292
696
424
565
923
103
454
821
800
27
360
51
495
385
96
540
813
437
851
497
384
965
87
379
58
816
356
569
90
112
531
480
293
572
550
429
241
662
383
85
137
673
966
282
376
675
472
292
270
833
77
255
65
329
635
800
438
886
974
598
200
649
165
210
952
741
459
309
261
495
888
375
621
355
826
385
557
85
582
731
609
56
28
267
300
332
788
476
374
731
718
14
199
281
408
671
322
409
244
883
122
403
150
973
714
647
716
163
808
263
845
372
788
109
183
182
129
83
218
769
733
154
245
191
482
790
386
676
264
76
938
899
162
298
243
100
746
995
517
911
613
270
799
577
686
53
310
831
187
344
76
716
59
294
723
342
638
664
161
508
688
801
832
337
823
116
683
948
52
498
431
1014
670
825
742
321
367
656
738
286
107
778
489
161
466
745
70
625
4
757
884
900
480
849
576
266
215
929
778
614
763
46
464
393
441
723
913
705
514
983
656
43
908
874
141
27
204
325
252
484
840
810
180
600
927
300
307
118
794
281
208
523
126
665
783
144
146
569
84
796
697
829
676
778
572
901
407
627
694
173
342
361
285
877
1023
383
6
277
887
665
447
766
727
94
1002
177
870
28
830
42
122
369
905
148
883
511
934
605
234
94
838
259
957
284
318
760
260
194
678
398
928
337
191
644
253
114
97
348
789
747
318
677
439
468
580
847
170
985
416
221
262
521
184
367
48
281
675
407
957
175
425
999
663
640
618
58
215
32
947
997
398
554
517
20
771
807
551
773
308
328
960
144
612
54
883
124
560
247
863
938
903
447
751
675
920
45
48
235
511
238
96
476
562
752
977
244
617
168
976
47
184
776
734
891
803
482
779
960
648
844
892
184
656
524
840
185
894
604
963
24
936
121
417
613
405
429
4
332
321
775
5
321
437
400
129
906
963
515
262
777
628
911
785
830
848
500
291
659
974
781
393
941
738
713
896
27
308
250
790
921
24
998
783
733
825
933
603
314
972
276
350
515
860
723
947
59
441
996
2
114
82
100
115
86
694
34
962
890
138
281
781
372
740
770
547
778
819
439
272
874
242
292
674
389
785
786
286
810
701
621
863
332
420
495
220
23
544
805
543
312
330
927
325
530
182
286
283
202
980
301
507
602
833
616
583
120
39
577
581
230
686
964
744
883
326
766
995
405
999
391
180
327
355
4
141
722
148
198
996
883
916
525
459
245
381
832
593
727
534
1023
545
385
1014
931
38
224
283
245
141
627
123
143
56
23
613
188
261
680
406
644
890
860
263
691
767
114
914
242
954
871
146
988
127
165
724
140
923
233
866
971
976
645
565
714
250
615
994
724
476
979
960
884
492
466
588
389
597
980
435
656
367
542
402
479
503
570
374
222
157
941
573
231
999
68
872
527
503
306
408
317
123
226
389
988
139
1009
185
346
316
675
363
194
824
742
28
472
278
602
925
372
392
294
850
309
740
774
604
142
89
231
294
972
418
394
867
972
348
589
565
992
71
444
826
314
465
235
533
456
933
996
511
492
918
517
92
202
986
743
794
477
716
581
185
511
910
1017
329
650
174
810
913
555
74
874
432
391
234
284
625
820
867
384
1022
68
547
404
611
959
15
268
610
478
138
710
835
169
97
22
567
834
580
573
983
834
659
874
343
557
120
454
293
64
756
810
199
642
799
365
532
872
669
789
880
63
960
983
900
685
504
491
281
800
892
599
259
848
442
303
234
604
472
67
759
793
877
606
349
522
459
465
789
866
519
44
248
688
382
478
865
1005
476
379
174
28
64
594
948
539
1009
908
528
546
349
170
111
738
772
9
744
645
423
49
662
153
91
609
1017
173
16
723
436
654
203
682
373
821
176
873
355
396
94
7
542
988
700
352
244
670
603
946
492
105
396
491
45
278
310
209
916
372
577
233
565
893
436
914
125
960
434
160
867
450
233
792
259
233
876
959
244
712
144
202
870
1022
586
184
226
418
926
925
209
816
910
135
253
906
292
207
162
783
327
947
186
940
922
459
947
931
869
524
431
100
688
1020
171
220
968
402
806
14
517
499
272
163
785
872
183
490
833
456
388
146
691
856
692
561
13
1006
690
113
667
718
437
1
57
138
174
484
522
375
234
647
556
545
849
242
536
110
63
771
6
89
635
302
590
887
1000
178
570
410
915
506
118
54
391
918
787
710
579
164
69
693
116
793
939
450
525
922
338
530
509
57
437
695
394
899
613
368
122
205
23
874
443
822
590
519
825
367
202
809
720
663
735
397
645
225
95
530
191
346
353
631
447
444
683
452
380
289
478
996
562
371
377
4
659
592
361
15
456
1009
149
983
12
79
173
46
228
967
42
708
520
984
584
628
350
982
812
36
199
881
156
305
980
553
535
548
676
261
105
637
712
454
1000
658
474
358
807
899
16
62
41
591
887
202
999
398
259
95
145
685
340
997
486
887
448
102
445
924
170
709
446
857
342
353
55
704
259
70
893
749
248
609
668
796
242
30
904
875
137
39
396
849
314
12
376
877
123
511
894
604
83
835
360
353
86
944
808
858
341
798
1016
450
903
604
853
758
570
81
292
989
99
471
462
188
958
579
515
886
188
509
504
243
508
643
915
306
835
753
73
414
441
68
521
511
762
742
295
225
964
185
456
490
71
8
223
518
934
344
10
100
819
129
978
544
553
936
870
177
342
570
205
305
860
476
125
234
375
67
126
347
905
6
356
663
964
8
125
185
941
979
1006
964
63
824
41
970
375
621
2
848
156
1016
706
12
136
260
615
982
645
627
839
632
441
342
538
350
182
969
777
345
221
964
646
163
286
601
411
874
544
63
36
583
334
669
673
809
218
684
671
429
757
602
544
272
527
628
770
278
1017
202
862
413
479
803
63
369
866
918
313
730
60
581
250
986
153
201
445
336
698
660
911
652
692
43
590
347
793
257
786
778
860
958
123
717
225
710
248
16
1013
567
61
188
823
999
885
81
290
169
203
282
204
71
168
725
395
994
1015
574
758
231
959
73
83
560
87
687
307
149
796
900
541
831
796
817
822
430
191
338
440
35
531
461
26
36
367
1007
452
940
1
359
593
711
207
493
733
208
355
784
503
89
318
570
403
573
530
416
931
413
868
770
952
153
448
490
836
574
422
716
555
790
779
591
931
370
699
818
969
37
631
170
730
375
703
824
189
79
86
27
68
356
960
88
215
381
483
832
711
940
73
620
718
447
72
975
633
206
128
108
984
551
638
580
456
542
353
367
947
722
920
82
416
735
49
659
247
115
353
471
523
468
752
92
517
512
720
149
960
795
176
193
841
268
245
282
222
631
397
18
150
447
536
507
858
736
911
618
946
89
626
337
716
355
137
247
150
461
739
814
357
786
737
170
879
857
93
1018
48
5
680
982
449
996
798
874
645
327
506
648
866
971
119
809
739
704
607
461
869
979
993
13
863
910
162
949
564
985
17
374
578
293
673
766
145
441
248
431
485
569
139
933
874
417
741
713
361
217
625
234
131
143
114
1010
41
554
988
929
345
935
458
373
251
540
340
751
21
581
611
852
970
714
641
548
891
908
430
931
957
809
552
551
774
902
965
556
628
260
918
772
930
2
29
690
274
325
81
913
634
537
123
710
449
151
961
843
538
742
1007
219
818
1
864
240
655
247
359
946
944
369
534
111
304
378
315
719
692
165
259
263
682
634
166
228
755
1014
353
164
794
385
89
123
308
350
851
982
208
977
706
424
268
660
82
647
814
626
801
151
502
170
890
762
190
673
692
835
652
68
1005
894
618
9
893
226
981
788
649
729
675
152
873
700
301
227
824
750
873
69
28
642
1001
739
695
635
50
290
862
645
280
534
251
118
151
684
500
637
186
460
355
974
659
957
289
974
1016
559
1020
746
719
529
365
378
528
283
813
95
238
69
8
43
318
851
795
388
711
187
545
663
273
451
682
536
679
295
640
995
273
206
937
1014
553
745
433
668
899
70
713
777
612
368
162
874
745
592
976
713
374
249
589
808
237
725
543
493
982
332
419
779
174
168
579
597
110
743
196
335
677
807
258
139
448
989
183
132
910
558
28
880
571
633
13
65
24
798
339
839
594
244
662
649
314
850
166
55
855
912
793
30
277
369
431
462
54
595
136
492
93
428
397
1015
468
623
658
