# 597 0.5 298.60 120.0
0.00006
0.00027
0.00059
0.00080
0.00164
0.00327
0.00255
0.00229
0.00972
0.02269
0.04218
0.03360
0.03316
0.01562
0.01798
0.01204
0.01322
0.01312
0.01529
0.01231
0.00958
0.01971
0.02992
0.01967
0.02989
0.02533
0.04186
0.09523
0.15828
0.16517
0.10010
0.07960
0.08722
0.06271
0.09249
0.05196
0.06116
0.12281
0.20553
0.19701
0.12417
0.10546
0.12698
0.12082
0.07367
0.13088
0.10160
0.13611
0.15696
0.13799
0.09821
0.11433
0.14091
0.12857
0.13765
0.12274
0.11927
0.11505
0.11656
0.12481
0.10739
0.12590
0.09137
0.15330
0.09213
0.14215
0.20103
0.10641
0.05432
0.06019
0.07423
0.24391
0.22806
0.14439
0.19594
0.22569
0.20446
0.17423
0.14232
0.21364
0.20467
0.22234
0.18889
0.15544
0.23838
0.23621
0.21906
0.20575
0.15166
0.20687
0.24491
0.30036
0.19741
0.16518
0.22148
0.21952
0.23012
0.17845
0.16551
0.19599
0.21391
0.24172
0.19489
0.18146
0.23389
0.22099
0.26039
0.20891
0.20151
0.21697
0.51819
0.59885
0.54503
0.61820
0.60554
0.65675
0.51543
0.60704
0.49588
0.60949
0.62554
0.52035
0.61823
0.50806
0.65159
0.65769
0.56894
0.51498
0.43711
0.61366
0.66680
0.63780
0.46647
0.44681
0.61440
0.67017
0.67054
0.45560
0.53922
0.51535
0.65273
0.66090
0.49614
0.61391
0.56793
0.64248
0.58688
0.49348
0.57000
0.50393
0.70874
0.84253
0.54572
0.57527
0.72871
0.77731
0.76924
0.58754
0.45907
0.70930
0.83590
0.83450
0.59508
0.60350
0.82435
0.71681
0.77373
0.73598
0.64206
0.79309
0.77039
0.83000
0.65042
0.71455
0.73735
0.68090
0.73151
0.67099
0.67197
0.81147
0.72306
0.73397
0.58718
0.78188
0.76975
0.58739
0.82724
0.74945
0.72235
0.61488
0.80244
0.68201
0.61807
0.80238
0.67009
0.79838
0.59422
0.61921
0.69018
0.80445
0.84791
0.59499
0.60986
0.85767
0.78589
0.66539
0.65449
0.83001
0.69731
0.80949
0.82442
0.55717
0.58084
0.82693
0.81154
0.73214
0.59178
0.49889
0.75704
0.85916
0.83401
0.57366
0.47569
0.88751
0.84585
0.68220
0.70059
0.67566
0.81854
0.71146
0.28895
0.24225
0.24601
0.39749
0.34310
0.23318
0.23114
0.17479
0.33442
0.42307
0.41016
0.45651
0.30840
0.39874
0.40972
0.25417
0.21559
0.25944
0.40541
0.36814
0.23368
0.21912
0.31199
0.37597
0.34845
0.34946
0.20364
0.19931
0.27132
0.38465
0.34885
0.34468
0.37642
0.37871
0.40513
0.29184
0.21649
0.24056
0.36997
0.70182
0.78341
0.60643
0.70422
0.73686
0.73628
0.72348
0.60793
0.62051
0.82863
0.71863
0.75925
0.60265
0.79056
0.78529
0.69177
0.77509
0.75473
0.74377
0.71807
0.85946
0.68094
0.67885
0.80784
0.70090
0.75879
0.62311
0.69613
0.72451
0.84328
0.82193
0.55081
0.59889
0.85862
0.80825
0.66732
0.68632
0.75483
0.70914
0.62962
0.35309
0.25454
0.29992
0.30168
0.37059
0.32918
0.21267
0.22668
0.33272
0.36703
0.32149
0.23342
0.18359
0.35036
0.40434
0.18672
0.19716
0.19544
0.36730
0.36530
0.34957
0.26440
0.31559
0.38902
0.42871
0.34809
0.26808
0.29377
0.43846
0.40225
0.35054
0.28307
0.29030
0.39024
0.56466
0.55754
0.60267
0.51388
0.65075
0.69254
0.90558
0.63459
0.63108
0.76929
0.79553
0.81022
0.63257
0.50305
0.87507
0.82720
0.84483
0.61315
0.68069
0.94651
0.63054
0.82808
0.76719
0.74318
0.82670
0.75476
0.78616
0.61341
0.78040
0.77178
0.75614
0.72556
0.62365
0.67635
0.85552
0.78699
0.76632
0.61093
0.83511
0.80888
0.65804
0.80181
0.82725
0.74506
0.77281
0.91916
0.81046
0.80529
0.76757
0.71200
0.90832
0.76689
0.89900
0.82796
0.82691
0.85268
0.78862
0.87432
0.87633
0.86236
0.72510
0.69135
0.78890
0.82486
0.79240
0.83298
0.86042
0.70354
0.76302
0.79182
0.92987
0.79989
0.81382
0.88941
0.87780
0.94830
0.79923
0.78052
0.89785
0.86195
0.88967
0.68174
0.81958
0.80926
0.78673
0.66486
0.54851
0.73120
0.68497
0.85993
0.84780
0.81407
0.89115
0.74413
0.91076
0.86036
0.82746
0.83846
0.78391
0.83883
0.98860
0.89442
0.75173
0.74615
0.80592
0.66713
0.69019
0.69697
0.70294
0.88687
0.87184
0.90252
0.78709
0.84760
0.88054
0.84862
0.80343
0.84510
0.84022
0.78657
0.97898
0.87315
0.79531
0.73897
0.73594
0.74801
0.73787
0.73674
0.69717
0.81083
0.80483
0.85188
0.86590
0.74690
0.92135
0.84617
0.84579
0.90042
0.72624
0.92000
0.90729
0.87181
0.83294
0.72545
0.78534
0.70510
0.74534
0.75124
0.73792
0.92988
0.81726
0.84569
0.87358
0.84633
0.95169
0.86355
0.88965
0.82096
0.87197
0.76917
0.75194
0.78242
0.85889
0.80546
0.87906
0.81350
0.71327
0.76987
0.82432
1.00000
0.84355
0.77028
0.87227
0.84323
0.89002
0.83418
0.81051
0.83910
0.86889
0.68225
0.63422
0.83219
0.77052
0.76529
0.68416
0.57572
0.76011
0.68693
0.88057
0.90831
0.79487
0.81531
0.81177
0.83863
0.94862
0.91849
0.77746
0.78802
0.89023
0.93870
0.89999
0.77021
0.74221
0.76801
0.54115
0.40532
0.53783
0.62732
0.73986
0.68009
0.67276
0.70552
0.76837
0.73842
0.70146
0.69398
0.69925
0.76626
0.75955
0.64183
0.62072
0.65880
0.60125
0.72922
0.42148
0.46311
0.57941
0.57555
0.75856
0.68452
0.68841
0.73337
0.70422
0.76351
0.65999
0.69348
0.74368
0.68690
0.16843
0.00281
0.01764
0.01410
0.06239
0.06634
0.07326
0.07130
0.07105
0.08597
0.09352
0.06160
0.04276
0.05100
0.04092
0.00606
