419
914
1012
929
93
214
230
691
821
527
846
502
524
507
190
897
652
769
754
554
714
265
857
1003
268
912
237
678
439
92
383
12
43
644
725
289
942
593
139
641
803
397
875
462
199
331
655
839
655
736
930
864
727
358
563
330
161
540
983
424
943
190
65
488
692
374
438
674
768
971
47
591
786
267
904
421
898
154
96
781
657
703
83
150
740
451
268
680
54
168
704
170
424
288
772
964
316
104
152
34
594
326
979
541
768
137
933
381
573
1002
562
723
660
670
259
460
754
544
998
7
971
820
425
939
929
386
454
416
965
858
889
419
419
705
887
491
750
8
963
340
249
825
3
665
662
637
435
769
767
636
703
358
864
448
146
685
410
484
137
892
589
587
603
803
245
59
796
441
733
902
992
300
948
648
468
608
665
604
611
55
780
729
409
709
757
75
891
431
915
582
844
344
214
317
316
164
71
438
704
391
715
772
1021
259
623
472
934
550
667
571
787
365
794
822
115
36
650
727
613
177
395
680
526
820
862
47
29
548
921
817
612
341
697
642
26
219
298
295
375
492
670
538
964
675
807
915
844
387
543
355
334
947
900
778
209
272
487
801
767
933
746
171
520
291
680
512
56
178
998
119
840
434
672
505
116
985
820
1008
550
738
436
1007
55
693
381
876
916
748
112
531
480
293
572
550
429
241
662
383
85
137
673
966
282
376
675
472
292
270
833
77
255
65
329
635
800
438
886
974
598
200
760
260
194
678
398
928
337
191
644
253
114
97
348
789
747
318
677
439
468
580
847
170
985
416
221
262
521
184
367
48
281
675
385
1014
931
38
224
283
245
141
627
123
143
56
23
613
188
261
680
406
644
890
860
263
691
767
114
914
242
954
871
146
988
127
9
744
645
423
49
662
153
91
609
1017
173
16
723
436
654
203
682
373
821
176
873
355
396
94
7
542
988
700
352
244
670
603
658
474
358
807
899
16
62
41
591
887
202
999
398
259
95
145
685
340
997
486
887
448
102
445
924
170
709
446
857
342
353
55
282
204
71
168
725
395
994
1015
574
758
231
959
73
83
560
87
687
307
149
796
900
541
831
796
817
822
430
191
338
440
35
531
931
957
809
552
551
774
902
965
556
628
260
918
772
930
2
29
690
274
325
81
913
634
537
123
710
449
151
961
843
538
742
1007
